1000 5.76801 0
2000 5.41342 2.51069
3000 5.39625 1.7156
4000 5.31247 1.35693
5000 5.3919 1.21819
6000 5.32606 1.06631
7000 5.29095 0.956378
8000 5.3198 0.918995
9000 5.24404 0.838245
10000 5.15981 0.778816
11000 5.09185 0.729783
12000 5.05058 0.687383
13000 5.05026 0.652242
14000 5.08596 0.635272
15000 5.05454 0.608949
16000 5.06005 0.586982
17000 5.07217 0.569004
18000 5.06872 0.548672
19000 5.06864 0.533586
20000 5.09097 0.519148
21000 5.06928 0.503516
22000 5.10671 0.496762
23000 5.10812 0.483871
24000 5.10663 0.474285
25000 5.12166 0.467389
26000 5.08386 0.455622
27000 5.07935 0.446096
28000 5.07343 0.436632
29000 5.06632 0.426492
30000 5.06919 0.42043
31000 5.05915 0.412896
32000 5.05143 0.404544
33000 5.05862 0.399776
34000 5.05928 0.391997
35000 5.04492 0.385253
36000 5.04494 0.37829
37000 5.04118 0.371278
38000 5.04379 0.366289
39000 5.03827 0.361888
40000 5.02883 0.357113
41000 5.02831 0.352063
42000 5.02579 0.346413
43000 5.03579 0.342294
44000 5.02176 0.338062
45000 5.01474 0.334745
46000 5.00981 0.330739
47000 5.01091 0.326408
48000 5.00071 0.322271
49000 5.01084 0.319341
50000 5.01066 0.315092
51000 5.00859 0.311817
52000 5.00737 0.308424
53000 5.01436 0.30563
54000 5.00495 0.302253
55000 5.00419 0.29989
56000 5.00234 0.297177
57000 4.99813 0.294148
58000 4.99925 0.291694
59000 5.00411 0.289848
60000 5.0083 0.28789
61000 5.00618 0.285626
62000 5.00989 0.283231
63000 5.00456 0.280843
64000 5.00555 0.278858
65000 4.99942 0.276448
66000 4.99864 0.274102
67000 4.99588 0.27205
68000 4.99349 0.269949
69000 4.99218 0.267917
70000 4.99525 0.265743
71000 5.00066 0.263742
72000 5.00125 0.262436
73000 5.00111 0.260436
74000 4.99984 0.258463
75000 5.00096 0.256886
76000 5.00135 0.25555
77000 5.00222 0.253943
78000 5.00572 0.252119
79000 5.00434 0.250461
80000 4.99644 0.248456
81000 4.99583 0.247029
82000 4.9901 0.245485
83000 4.98893 0.243845
84000 4.98866 0.242551
85000 4.99087 0.241301
86000 4.9902 0.239704
87000 4.98883 0.238122
88000 4.99169 0.237023
89000 4.99222 0.23572
90000 4.99831 0.234236
91000 4.99552 0.232868
92000 4.99553 0.231829
93000 4.98941 0.230239
94000 4.99082 0.229114
95000 4.99307 0.227898
96000 5.00027 0.227558
97000 4.99855 0.226464
98000 5.00346 0.225397
99000 5.00458 0.224234
100000 5.00497 0.22323
