1000 1.54017 0
2000 1.75023 1.12262
3000 1.69458 0.733442
4000 1.66074 0.566573
5000 1.65143 0.49436
6000 1.61748 0.433723
7000 1.62586 0.388796
8000 1.63699 0.374372
9000 1.60457 0.345109
10000 1.58926 0.323429
11000 1.58771 0.303462
12000 1.5798 0.28487
13000 1.57218 0.270251
14000 1.55786 0.256813
15000 1.54476 0.246139
16000 1.52939 0.236651
17000 1.54302 0.228956
18000 1.54234 0.220178
19000 1.54226 0.212363
20000 1.5334 0.204927
21000 1.53615 0.199901
22000 1.54923 0.197307
23000 1.55198 0.192877
24000 1.54559 0.187409
25000 1.54613 0.182068
26000 1.54376 0.177937
27000 1.5423 0.174472
28000 1.54314 0.171625
29000 1.53541 0.167455
30000 1.53598 0.164213
31000 1.5368 0.16106
32000 1.53409 0.157659
33000 1.53169 0.155262
34000 1.52691 0.152897
35000 1.52478 0.149989
36000 1.52231 0.148596
37000 1.52013 0.146046
38000 1.52193 0.144845
39000 1.51922 0.142846
40000 1.51384 0.140457
41000 1.51646 0.140365
42000 1.51638 0.138375
43000 1.51052 0.136226
44000 1.52053 0.136609
45000 1.52382 0.135259
46000 1.52805 0.134509
47000 1.52748 0.133369
48000 1.53102 0.132841
49000 1.52721 0.130896
50000 1.52893 0.129385
51000 1.52763 0.127563
52000 1.52502 0.126092
53000 1.52419 0.124653
54000 1.52384 0.123326
55000 1.52351 0.122074
56000 1.52512 0.121068
57000 1.52695 0.120187
58000 1.52674 0.119081
59000 1.52813 0.118163
60000 1.52947 0.117231
61000 1.52754 0.116072
62000 1.52845 0.115169
63000 1.52613 0.114167
64000 1.52505 0.113132
65000 1.52391 0.112034
66000 1.52272 0.110827
67000 1.52329 0.109806
68000 1.52298 0.108923
69000 1.52095 0.107974
70000 1.51916 0.106999
71000 1.51872 0.106074
72000 1.51728 0.105061
73000 1.51548 0.104201
74000 1.51667 0.103479
75000 1.52194 0.103937
76000 1.52167 0.10305
77000 1.52121 0.102261
78000 1.52485 0.102325
79000 1.52222 0.101445
80000 1.52334 0.100777
81000 1.52008 0.0999151
82000 1.52112 0.0994819
83000 1.52098 0.0987888
84000 1.51987 0.0980404
85000 1.5203 0.0976132
86000 1.51932 0.0968311
87000 1.52013 0.0962482
88000 1.51922 0.0955686
89000 1.51842 0.0949674
90000 1.51843 0.0942446
91000 1.51676 0.0935255
92000 1.51711 0.092982
93000 1.51654 0.0923333
94000 1.51766 0.0917724
95000 1.51561 0.0911026
96000 1.51632 0.0905997
97000 1.51431 0.0899202
98000 1.51291 0.089416
99000 1.51227 0.0889544
100000 1.51279 0.0885942
