0 0.334371 0.00703118
1 0.0470896 0.221312
2 0.380677 0.187741
3 0.454469 0.223682
4 0.447253 0.161776
5 0.669692 0.219161
6 0.378311 0.18197
7 0.693185 0.175775
8 0.362412 0.193411
9 0.271596 0.146467
10 0.373754 0.193754
11 0.391887 0.169797
12 0.338357 0.13792
13 0.343782 0.208823
14 0.111327 0.155694
15 0.403775 0.15654
16 0.492503 0.154608
17 0.370129 0.179883
18 0.526687 0.183282
19 0.451146 0.140642
20 0.585695 0.147976
21 0.305882 0.1613
22 0.42401 0.18522
23 0.210182 0.134403
24 0.073937 0.145695
25 0.43729 0.180374
26 0.213738 0.154448
27 0.474599 0.166846
28 0.252132 0.144979
29 0.306387 0.222509
30 0.655917 0.0950484
31 0.389274 0.140624
32 0.569089 0.15311
33 0.487816 0.147989
34 0.00189142 0.155487
35 0.117 0.161517
36 0.356476 0.123098
37 0.183206 0.133828
38 0.416847 0.146513
39 0.166267 0.127462
40 0.203798 0.139959
41 0.40735 0.115274
42 0.457012 0.141847
43 0.244532 0.150009
44 0.448586 0.14638
45 0.19709 0.149325
46 0.535635 0.16447
47 0.183059 0.139872
48 0.462099 0.103494
49 0.372787 0.14328
50 0.439023 0.130934
51 0.209795 0.128006
52 0.237518 0.12065
53 0.587929 0.110876
54 0.468775 0.13584
55 0.174901 0.120537
56 0.355939 0.13609
57 0.359628 0.121468
58 0.203382 0.146542
59 0.219883 0.107302
60 0.477439 0.134441
61 0.346538 0.132198
62 0.501965 0.122063
63 0.0824471 0.117705
64 0.20005 0.189757
65 0.559051 0.107849
66 -0.00235822 0.117699
67 0.348954 0.116555
68 0.389906 0.113262
69 0.539087 0.122433
70 0.369996 0.140031
71 0.334711 0.120506
72 0.297128 0.0954252
73 0.16857 0.157526
74 0.189906 0.125074
75 0.194185 0.147639
76 0.322235 0.0706558
77 0.212193 0.139319
78 0.342368 0.141397
79 0.190726 0.102625
80 0.274128 0.139753
81 0.453205 0.0786015
82 0.0708953 0.103545
83 0.186925 0.11149
84 0.513643 0.13093
85 0.115474 0.100751
86 0.281694 0.150357
87 0.178121 0.0941887
88 0.273301 0.0876009
89 0.250809 0.0970191
90 0.422609 0.133413
91 0.179526 0.117447
92 0.306367 0.108031
93 0.423518 0.124885
94 0.459788 0.0989901
95 0.0115318 0.0739333
96 0.405526 0.119257
97 0.380997 0.125459
98 0.244126 0.0702297
99 0.440625 0.0878343
100 0.506294 0.123234
101 0.395769 0.142786
102 0.306504 0.12006
103 0.359167 0.123524
104 0.485683 0.115232
105 0.455968 0.126905
106 0.0839355 0.123756
107 0.377172 0.127154
108 0.308204 0.124473
109 0.497834 0.159497
110 0.0744546 0.114586
111 -0.0379336 0.140022
112 0.312057 0.0868728
113 0.306949 0.114865
114 0.409907 0.124254
115 0.19495 0.118999
116 0.170369 0.132291
117 0.462561 0.153191
118 0.313812 0.141931
119 0.603417 0.122241
120 0.380659 0.104563
121 0.262365 0.0821747
122 0.429078 0.131761
123 0.363642 0.0892523
124 0.296785 0.125846
125 0.331591 0.0779949
126 0.398964 0.0996884
127 0.0664595 0.0957332
128 0.277211 0.122407
129 0.377683 0.131337
130 0.364642 0.106849
131 0.281182 0.156809
132 0.234396 0.121375
133 0.388186 0.107916
134 0.332565 0.114194
135 0.355761 0.111175
136 0.388525 0.0996953
137 0.369749 0.102442
138 0.353869 0.0898423
139 0.21397 0.0864897
140 0.335201 0.0802564
141 0.332455 0.126464
142 0.361764 0.115484
143 0.00418826 0.132171
144 0.319372 0.105264
145 0.30258 0.0812709
146 0.150364 0.122933
147 0.131506 0.138936
148 0.214405 0.0972568
149 0.156956 0.119307
150 0.125116 0.110521
151 0.266603 0.126578
152 0.374404 0.104624
153 0.334039 0.116006
154 0.259374 0.101232
155 0.354741 0.102978
156 0.303448 0.10427
157 0.269472 0.120234
158 0.249194 0.140885
159 0.185442 0.0938601
160 0.306567 0.0997574
161 0.109608 0.175365
162 0.173453 0.0880407
163 0.388305 0.140471
164 0.137219 0.111216
165 0.202501 0.0804781
166 0.430901 0.0864845
167 0.207472 0.0628976
168 0.291159 0.116778
169 0.161956 0.0891324
170 0.367292 0.108783
171 0.272911 0.124815
172 0.310694 0.116404
173 0.210943 0.143728
174 0.361093 0.133021
175 0.3674 0.101414
176 0.287543 0.112338
177 0.226034 0.131171
178 0.370019 0.142398
179 0.330246 0.110398
180 0.53069 0.140299
181 0.262529 0.0912115
182 0.507336 0.12427
183 0.414693 0.099804
184 0.282277 0.113304
185 0.404996 0.102528
186 0.0798281 0.137784
187 0.365125 0.0959354
188 0.174963 0.105551
189 0.208948 0.121481
190 0.143209 0.114129
191 0.162332 0.127236
192 0.415089 0.158255
193 0.328442 0.147693
194 0.256266 0.107212
195 0.255043 0.155864
196 0.441856 0.125808
197 0.35143 0.140056
198 0.487952 0.0866127
199 0.333898 0.143549
200 0.218531 0.132778
201 0.128091 0.107572
202 0.280469 0.125621
203 0.470391 0.08923
204 0.476187 0.10045
205 0.455851 0.119483
206 0.236181 0.146797
207 0.437378 0.0998194
208 0.218377 0.137148
209 0.542679 0.0715355
210 0.149954 0.14962
211 0.332066 0.144943
212 0.380151 0.0989711
213 0.24797 0.128304
214 0.401965 0.157757
215 0.22767 0.115926
216 0.374215 0.118727
217 0.475655 0.115369
218 0.206527 0.121684
219 0.42899 0.119249
220 0.238912 0.125984
221 0.351292 0.157612
222 0.302846 0.131532
223 0.222409 0.129132
224 0.387567 0.113501
225 0.387555 0.103788
226 0.444043 0.0979722
227 0.301411 0.113811
228 0.482148 0.140946
229 0.177798 0.1359
230 0.269183 0.122939
231 0.301477 0.138356
232 0.215258 0.112201
233 0.310739 0.134713
234 0.320699 0.146194
235 0.471302 0.115886
236 0.0952934 0.173734
237 0.437865 0.18484
238 0.426902 0.151508
239 0.174258 0.150075
240 0.24205 0.131598
241 0.434056 0.114234
242 0.431354 0.157484
243 0.221146 0.140263
244 0.478044 0.164092
245 0.0455332 0.155803
246 0.457099 0.109632
247 0.115708 0.133552
248 0.292082 0.111143
249 0.204153 0.104517
250 0.272603 0.1274
251 0.225577 0.13112
252 0.299051 0.113154
253 0.266643 0.123308
254 -0.056587 0.159302
255 0.120356 0.164668
256 0.267479 0.108254
257 0.227569 0.140774
258 0.220079 0.135101
259 0.114773 0.126339
260 0.324847 0.169014
261 0.32363 0.133684
262 0.53261 0.144204
263 0.317117 0.15503
264 0.631641 0.184545
265 0.329637 0.163422
266 0.304962 0.152234
267 0.369354 0.138811
268 0.346493 0.135529
269 0.0334749 0.167129
270 0.246944 0.185394
271 0.561444 0.165458
272 0.165623 0.120619
273 0.102921 0.142831
274 0.330276 0.146633
275 0.344983 0.148844
276 0.562025 0.180743
277 0.398293 0.141404
278 0.141167 0.202965
279 0.0523316 0.195094
280 0.511796 0.148586
281 0.620336 0.142024
282 0.423431 0.162865
283 0.467224 0.204487
284 0.32144 0.160745
285 0.147619 0.121401
286 0.303494 0.158276
287 0.0855083 0.176838
288 0.612932 0.21385
289 0.538954 0.175349
290 0.133714 0.157485
291 0.342914 0.20446
292 0.19339 0.202473
293 0.320559 0.180205
294 -0.163743 0.123817
295 0.640039 0.217239
296 0.594934 0.158676
297 0.27845 0.191443
298 0.473368 0.226898
299 0.322864 0.00646092
