1 0.169918 0.729649
2 0.477115 0.571835
3 0.0860072 0.656019
4 0.371496 0.836567
5 0.0211376 0.168325
6 0.279233 0.545858
7 0.583179 0.0646429
8 0.233157 0.193293
9 0.756047 0.479138
10 0.257893 0.239268
11 0.584917 0.616809
12 0.0839539 0.159259
13 0.754052 0.501858
14 0.686006 0.369351
15 0.213852 0.67838
16 0.12096 0.680137
17 0.840005 0.0527608
18 0.765764 0.970267
19 0.99461 0.918855
20 0.813285 0.0179424
21 0.0534795 0.713423
22 0.985475 0.399022
23 0.251365 0.53815
24 0.48153 0.00588523
25 0.0178591 0.114256
26 0.259028 0.140477
27 0.135893 0.239596
28 0.74877 0.639112
29 0.159098 0.674932
30 0.399912 0.326858
