1000 0.506394 0.0091375
2000 0.505419 0.00652006
3000 0.506531 0.00529767
4000 0.50366 0.00459652
5000 0.502191 0.00410747
6000 0.500854 0.00375548
7000 0.503536 0.00347736
8000 0.504052 0.00324367
9000 0.503583 0.00304492
10000 0.501214 0.00288567
11000 0.499985 0.0027562
12000 0.50016 0.00263956
13000 0.500513 0.00253817
14000 0.500319 0.00244461
15000 0.500069 0.00236569
16000 0.502089 0.00229012
17000 0.501955 0.00222045
18000 0.50203 0.00215773
19000 0.50241 0.00210189
20000 0.502239 0.00204696
21000 0.502193 0.00199522
22000 0.502628 0.001946
23000 0.501909 0.00190417
24000 0.501397 0.00186423
25000 0.501469 0.00182729
26000 0.500565 0.00179235
27000 0.500407 0.00175894
28000 0.500215 0.00172801
29000 0.500182 0.00169777
30000 0.500143 0.00166834
31000 0.499822 0.00164111
32000 0.499685 0.00161607
33000 0.499734 0.00159048
34000 0.499716 0.00156718
35000 0.500207 0.00154555
36000 0.500321 0.00152323
37000 0.500405 0.00150222
38000 0.500574 0.00148204
39000 0.500453 0.00146265
40000 0.500522 0.00144459
41000 0.500891 0.00142634
42000 0.501175 0.00140913
43000 0.501354 0.00139279
44000 0.501247 0.00137734
45000 0.501008 0.00136209
46000 0.501151 0.00134647
47000 0.501207 0.00133172
48000 0.501334 0.00131837
49000 0.501198 0.00130506
50000 0.501583 0.00129212
51000 0.501586 0.00127925
52000 0.501462 0.00126738
53000 0.501321 0.00125549
54000 0.501434 0.00124396
55000 0.501337 0.00123277
56000 0.501292 0.0012219
57000 0.501591 0.00121171
58000 0.501867 0.00120139
59000 0.501889 0.00119155
60000 0.501892 0.00118145
61000 0.502039 0.00117143
62000 0.50228 0.00116216
63000 0.502342 0.00115289
64000 0.502278 0.00114406
65000 0.502368 0.00113484
66000 0.502462 0.001126
67000 0.502576 0.00111767
68000 0.502263 0.00110944
69000 0.502119 0.00110168
70000 0.502078 0.00109387
71000 0.502065 0.00108625
72000 0.501637 0.00107863
73000 0.501591 0.00107102
74000 0.501591 0.00106389
75000 0.501622 0.00105669
76000 0.501501 0.00104963
77000 0.501553 0.00104272
78000 0.501685 0.00103603
79000 0.501712 0.0010293
80000 0.501896 0.00102281
81000 0.501825 0.00101639
82000 0.50158 0.00100979
83000 0.501557 0.00100366
84000 0.501375 0.000997692
85000 0.501241 0.000991726
86000 0.501197 0.000986145
87000 0.501336 0.000980338
88000 0.501387 0.000974906
89000 0.501342 0.000969345
90000 0.501367 0.000963911
91000 0.501434 0.000958778
92000 0.501335 0.000953262
93000 0.501397 0.000948099
94000 0.501369 0.000943002
95000 0.501288 0.000937864
96000 0.501285 0.000932965
97000 0.501435 0.00092823
98000 0.501277 0.000923303
99000 0.50149 0.000918573
100000 0.501438 0.000913999
