1000 0.0851372 0.00242613
2000 0.0824533 0.00169754
3000 0.081621 0.00137058
4000 0.082147 0.00119382
5000 0.0823961 0.00106356
6000 0.0828372 0.000970065
7000 0.0825559 0.000899712
8000 0.0825923 0.000841299
9000 0.082646 0.000793155
10000 0.0825403 0.0007512
11000 0.0825668 0.000715246
12000 0.0824752 0.00068375
13000 0.082476 0.000658
14000 0.082921 0.000634102
15000 0.0828104 0.000611602
16000 0.0827312 0.000591378
17000 0.0826633 0.000573275
18000 0.0829222 0.000557075
19000 0.0828709 0.000542069
20000 0.0828575 0.000528051
21000 0.0827783 0.000514993
22000 0.0828471 0.00050274
23000 0.0829234 0.000491611
24000 0.0829624 0.000481243
25000 0.0829768 0.000471398
26000 0.0830208 0.000462743
27000 0.083088 0.000454119
28000 0.0831847 0.00044593
29000 0.0832228 0.000438296
30000 0.083284 0.000431112
31000 0.0830982 0.000423604
32000 0.083085 0.000417037
33000 0.0831507 0.000410671
34000 0.0831164 0.000404292
35000 0.0830423 0.000398309
36000 0.0829962 0.000392576
37000 0.082905 0.000386919
38000 0.0828967 0.000381836
39000 0.0828595 0.000376751
40000 0.082962 0.000372246
41000 0.0830343 0.000367901
42000 0.0830562 0.000363479
43000 0.0831641 0.000359356
44000 0.0832112 0.000355472
45000 0.0832832 0.000351708
46000 0.0833114 0.000347721
47000 0.0833432 0.000343994
48000 0.0834466 0.000340467
49000 0.0834777 0.000336934
50000 0.0834959 0.000333523
51000 0.0834718 0.000330226
52000 0.0834328 0.000326894
53000 0.0834644 0.000323834
54000 0.0834833 0.000320825
55000 0.0835081 0.000317928
56000 0.083506 0.00031521
57000 0.083539 0.000312392
58000 0.0834994 0.000309738
59000 0.0834668 0.000306997
60000 0.08347 0.000304469
61000 0.0834718 0.000301991
62000 0.0835055 0.00029959
63000 0.0835561 0.000297216
64000 0.0835179 0.0002948
65000 0.083487 0.000292563
66000 0.0834723 0.000290388
67000 0.0834946 0.000288228
68000 0.0834391 0.000286089
69000 0.0833945 0.000283978
70000 0.0833885 0.00028202
71000 0.0833613 0.000279925
72000 0.0833867 0.000277999
73000 0.0833689 0.000276121
74000 0.0833666 0.000274182
75000 0.0834008 0.000272361
76000 0.083438 0.00027062
77000 0.0833928 0.000268896
78000 0.0833877 0.000267212
79000 0.0833681 0.000265475
80000 0.0833626 0.000263822
81000 0.0833008 0.0002621
82000 0.0832912 0.00026048
83000 0.0833379 0.00025895
84000 0.0833323 0.000257366
85000 0.0833221 0.000255786
86000 0.0833252 0.000254306
87000 0.0833276 0.000252786
88000 0.0833263 0.000251264
89000 0.0833344 0.000249838
90000 0.0833084 0.000248415
91000 0.0833642 0.000247151
92000 0.0833934 0.00024585
93000 0.0834357 0.000244604
94000 0.0834318 0.000243249
95000 0.0834494 0.000242052
96000 0.0834361 0.000240762
97000 0.0834632 0.000239542
98000 0.0834771 0.000238309
99000 0.0834729 0.000237095
100000 0.0834675 0.000235935
