100 14.0571 1.85039
200 14.108 1.26921
300 14.0786 1.02563
400 13.5736 0.873253
500 13.9892 0.820093
600 14.4504 0.766637
700 15.1626 0.741369
800 14.6842 0.673703
900 14.8182 0.636793
1000 15.0583 0.625996
1100 15.2045 0.604296
1200 15.2346 0.580309
1300 15.4326 0.561198
1400 15.6893 0.54371
1500 15.4686 0.521673
1600 15.3256 0.502322
1700 15.379 0.489115
1800 15.2238 0.471871
1900 15.2132 0.461575
2000 15.0796 0.445059
2100 14.9691 0.432847
2200 15.0857 0.425472
2300 14.9963 0.415317
2400 15.1733 0.409388
2500 15.1279 0.399863
2600 14.9794 0.38979
2700 15.0329 0.382214
2800 15.1265 0.376268
2900 15.1069 0.368662
3000 15.1971 0.365629
3100 15.1629 0.358822
3200 15.1111 0.352162
3300 15.1345 0.346967
3400 15.09 0.340541
3500 15.0063 0.334524
3600 15.0106 0.329283
3700 15.0436 0.324418
3800 14.9761 0.319254
3900 14.89 0.314327
4000 14.8662 0.309382
4100 14.8806 0.305349
4200 14.8772 0.301255
4300 14.9721 0.298895
4400 15.0426 0.297518
4500 15.0181 0.293877
4600 15.0289 0.290036
4700 15.047 0.286644
4800 15.0408 0.283426
4900 15.0155 0.280207
5000 14.9968 0.27692
5100 15 0.274659
5200 15.0283 0.272812
5300 15.0394 0.270392
5400 15.0068 0.267981
5500 15.0246 0.267171
5600 15.0522 0.265261
5700 15.0642 0.263308
5800 15.1352 0.261928
5900 15.1567 0.259616
6000 15.1652 0.257407
6100 15.1611 0.255323
6200 15.2049 0.253235
6300 15.1943 0.250915
6400 15.1505 0.248462
6500 15.1463 0.246356
6600 15.1701 0.244896
6700 15.1613 0.242866
6800 15.2024 0.241333
6900 15.2316 0.240114
7000 15.2261 0.238577
7100 15.2738 0.237174
7200 15.2816 0.23539
7300 15.2452 0.233402
7400 15.2038 0.231583
7500 15.2053 0.230066
7600 15.2079 0.22856
7700 15.2109 0.227062
7800 15.2147 0.22562
7900 15.2046 0.224254
8000 15.2115 0.22336
8100 15.2618 0.222181
8200 15.2717 0.220936
8300 15.2332 0.219253
8400 15.2008 0.217698
8500 15.2049 0.216505
8600 15.2203 0.215426
8700 15.2084 0.214111
8800 15.1961 0.212996
8900 15.2161 0.211819
9000 15.2739 0.211138
9100 15.2746 0.209905
9200 15.2289 0.208288
9300 15.2426 0.207515
9400 15.1942 0.206045
9500 15.173 0.204703
9600 15.1806 0.203609
9700 15.1833 0.202504
9800 15.1579 0.201429
9900 15.1275 0.200036
10000 15.1184 0.198872
