100 19.9457 2.18606
200 18.2916 1.65001
300 16.6039 1.26594
400 16.3894 1.05035
500 16.0364 0.933546
600 16.1867 0.857536
700 15.9984 0.794161
800 16.0165 0.747688
900 15.7273 0.69728
1000 15.7375 0.66693
1100 15.5947 0.626036
1200 15.25 0.592535
1300 15.2871 0.56955
1400 15.2666 0.5465
1500 15.2622 0.526645
1600 15.3959 0.506568
1700 15.5058 0.491289
1800 15.4383 0.475058
1900 15.4571 0.461112
2000 15.4157 0.450418
2100 15.2691 0.436673
2200 15.0638 0.423483
2300 15.06 0.414832
2400 15.1796 0.40975
2500 15.3568 0.405526
2600 15.2955 0.395709
2700 15.3369 0.387995
2800 15.2926 0.380286
2900 15.3273 0.374949
3000 15.2814 0.367981
3100 15.2421 0.361172
3200 15.1837 0.354942
3300 15.2408 0.349854
3400 15.3284 0.347398
3500 15.3997 0.343304
3600 15.424 0.340042
3700 15.4054 0.334605
3800 15.3236 0.328915
3900 15.2342 0.323148
4000 15.2701 0.319552
4100 15.2375 0.315344
4200 15.227 0.311252
4300 15.1962 0.306646
4400 15.1422 0.301963
4500 15.0861 0.298226
4600 15.1045 0.295127
4700 15.1189 0.292219
4800 15.0105 0.287905
4900 14.9786 0.285375
5000 15.0083 0.282517
5100 14.9654 0.279359
5200 15.0057 0.276642
5300 14.9669 0.273373
5400 14.9978 0.271122
5500 14.9588 0.268138
5600 14.9109 0.26502
5700 14.9053 0.263541
5800 14.9129 0.261537
5900 14.907 0.258936
6000 14.9337 0.256876
6100 14.909 0.254436
6200 14.9132 0.252212
6300 14.9413 0.250338
6400 14.94 0.248323
6500 15.0429 0.247143
6600 15.0621 0.245432
6700 15.0363 0.243693
6800 15.0306 0.241924
6900 15.024 0.240152
7000 15.0223 0.238548
7100 15.0133 0.236896
7200 15.047 0.235159
7300 15.0395 0.233728
7400 15.0299 0.231896
7500 15.0812 0.230706
7600 15.133 0.229454
7700 15.1443 0.228045
7800 15.1477 0.226858
7900 15.1713 0.225232
8000 15.1611 0.223583
8100 15.1563 0.222183
8200 15.1824 0.221331
8300 15.1543 0.219807
8400 15.1521 0.218572
8500 15.157 0.217545
8600 15.129 0.216037
8700 15.1648 0.215165
8800 15.1006 0.213434
8900 15.1227 0.212103
9000 15.1115 0.211044
9100 15.115 0.209762
9200 15.0787 0.208419
9300 15.118 0.207753
9400 15.1211 0.20673
9500 15.0891 0.205481
9600 15.0806 0.20428
9700 15.0699 0.202932
9800 15.0932 0.201878
9900 15.079 0.200689
10000 15.0817 0.19971
