100 5.83053 0.990514
200 5.01295 0.63648
300 4.86602 0.502227
400 4.93934 0.423513
500 5.13365 0.401836
600 5.15042 0.36837
700 4.97375 0.338008
800 5.06136 0.316339
900 5.14326 0.304438
1000 5.13207 0.286364
1100 5.16254 0.272362
1200 5.2461 0.263376
1300 5.23255 0.254081
1400 5.07848 0.241682
1500 5.16161 0.233925
1600 5.24042 0.226955
1700 5.15058 0.217632
1800 5.26096 0.213745
1900 5.31504 0.208261
2000 5.307 0.203652
2100 5.31078 0.198543
2200 5.35068 0.195178
2300 5.34593 0.190372
2400 5.2612 0.185182
2500 5.31759 0.181734
2600 5.35568 0.178028
2700 5.35648 0.174998
2800 5.37247 0.172243
2900 5.34312 0.168512
3000 5.3303 0.165564
3100 5.29312 0.162321
3200 5.34043 0.160956
3300 5.299 0.157876
3400 5.26587 0.154748
3500 5.2981 0.153126
3600 5.33016 0.151443
3700 5.31556 0.149199
3800 5.33168 0.147084
3900 5.41029 0.146787
4000 5.42105 0.145528
4100 5.4038 0.143603
4200 5.37941 0.141261
4300 5.38338 0.139604
4400 5.37054 0.137834
4500 5.38597 0.136681
4600 5.39009 0.135251
4700 5.37556 0.133383
4800 5.35578 0.131885
4900 5.36889 0.130972
5000 5.37363 0.129568
5100 5.36602 0.128063
5200 5.37343 0.126803
5300 5.36246 0.125328
5400 5.39594 0.124441
5500 5.3996 0.123172
5600 5.4093 0.12235
5700 5.40296 0.121223
5800 5.38109 0.119944
5900 5.39113 0.119155
6000 5.39997 0.118103
6100 5.38133 0.116815
6200 5.3828 0.115925
6300 5.39626 0.11514
6400 5.39794 0.114148
6500 5.37161 0.112963
6600 5.37209 0.112199
6700 5.37019 0.111263
6800 5.34729 0.110164
6900 5.3433 0.109424
7000 5.35362 0.108738
7100 5.35073 0.10796
7200 5.34025 0.10719
7300 5.35727 0.106616
7400 5.35719 0.105835
7500 5.35744 0.105074
7600 5.3517 0.104447
7700 5.34524 0.103766
7800 5.35348 0.103275
7900 5.36468 0.102675
8000 5.36291 0.102009
8100 5.35213 0.101287
8200 5.35496 0.100675
8300 5.36178 0.100187
8400 5.35935 0.0995792
8500 5.35923 0.0989515
8600 5.36352 0.0984966
8700 5.3597 0.0978962
8800 5.3649 0.0973729
8900 5.35412 0.0968348
9000 5.34997 0.0962486
9100 5.34589 0.095715
9200 5.35392 0.0952223
9300 5.36009 0.0947377
9400 5.35395 0.0940892
9500 5.35822 0.0935579
9600 5.34912 0.0930255
9700 5.3457 0.0924636
9800 5.3596 0.0920847
9900 5.38321 0.0919455
10000 5.37474 0.091334
