100 3.95067 0.796848
200 4.9805 0.601271
300 5.51169 0.525669
400 5.07343 0.431053
500 5.26841 0.390225
600 5.31974 0.360321
700 5.3698 0.333805
800 5.40151 0.314847
900 5.46549 0.299351
1000 5.50927 0.288584
1100 5.4767 0.273655
1200 5.63154 0.265872
1300 5.59226 0.253513
1400 5.60468 0.245342
1500 5.61221 0.236778
1600 5.56204 0.229084
1700 5.56466 0.224122
1800 5.51749 0.216364
1900 5.54131 0.211495
2000 5.48222 0.205429
2100 5.51419 0.200286
2200 5.53608 0.19583
2300 5.48607 0.190466
2400 5.4719 0.185633
2500 5.47345 0.182243
2600 5.48094 0.179541
2700 5.44163 0.175498
2800 5.43401 0.172101
2900 5.42408 0.168833
3000 5.4596 0.16687
3100 5.49487 0.165424
3200 5.54863 0.163013
3300 5.51857 0.159941
3400 5.5103 0.157745
3500 5.49811 0.155414
3600 5.53134 0.153705
3700 5.51774 0.151437
3800 5.5378 0.149524
3900 5.54717 0.147619
4000 5.5771 0.146457
4100 5.60667 0.145293
4200 5.59783 0.1434
4300 5.61057 0.14192
4400 5.6061 0.140178
4500 5.60081 0.138363
4600 5.58118 0.136486
4700 5.58154 0.135082
4800 5.59214 0.133469
4900 5.60142 0.132184
5000 5.56701 0.130556
5100 5.5658 0.12921
5200 5.55497 0.127909
5300 5.54602 0.126738
5400 5.53193 0.12567
5500 5.52999 0.124314
5600 5.54243 0.12351
5700 5.52697 0.122161
5800 5.53696 0.121131
5900 5.54785 0.120177
6000 5.54237 0.119425
6100 5.54835 0.118504
6200 5.54521 0.117581
6300 5.54163 0.116812
6400 5.53922 0.115834
6500 5.5213 0.114859
6600 5.50241 0.113836
6700 5.52569 0.113175
6800 5.52854 0.11231
6900 5.53849 0.111723
7000 5.52919 0.110812
7100 5.5354 0.110042
7200 5.52084 0.109173
7300 5.52058 0.108333
7400 5.51576 0.107622
7500 5.50812 0.106817
7600 5.49376 0.106053
7700 5.50787 0.105454
7800 5.51832 0.104875
7900 5.52736 0.104417
8000 5.53265 0.103805
8100 5.5331 0.10316
8200 5.53523 0.102454
8300 5.53667 0.101827
8400 5.51627 0.100918
8500 5.52991 0.100397
8600 5.54303 0.0999672
8700 5.52309 0.0992762
8800 5.52331 0.0985651
8900 5.51525 0.0979894
9000 5.51015 0.097324
9100 5.50292 0.0967558
9200 5.51823 0.0963925
9300 5.49917 0.0956904
9400 5.51619 0.0953957
9500 5.54488 0.0951294
9600 5.54653 0.0945737
9700 5.55031 0.0940613
9800 5.54508 0.0935635
9900 5.54463 0.0930947
10000 5.54663 0.0926782
