0 29.7408
1 27.2161
2 28.5628
3 27.8092
4 26.7121
5 24.5751
6 25.6486
7 21.0639
8 24.1358
9 23.2274
10 24.1345
11 22.7735
12 22.0574
13 21.8095
14 22.0893
15 22.0893
16 19.5219
17 20.6863
18 19.4361
19 19.7652
20 19.7652
21 18.7047
22 19.2642
23 18.8232
24 18.571
25 17.9029
26 17.9245
27 17.6758
28 16.842
29 17.2343
30 17.9059
31 17.3472
32 17.3673
33 16.6024
34 16.4136
35 16.5974
36 17.195
37 15.7329
38 15.7502
39 15.2492
40 15.1212
41 15.1573
42 15.043
43 14.3952
44 15.1573
45 14.6393
46 14.6165
47 13.9069
48 15.0187
49 14.6115
50 14.335
51 13.7825
52 13.5201
53 14.2276
54 14.1419
55 14.3076
56 14.335
57 13.9422
58 13.8543
59 14.2359
60 14.2738
61 13.9206
62 13.434
63 13.4696
64 13.6438
65 13.7641
66 13.8241
67 13.8279
68 13.8835
69 13.5354
70 13.5167
71 13.8279
72 13.5167
73 13.565
74 13.6104
75 13.6104
76 13.6104
77 13.5616
78 13.0749
79 13.4383
80 13.0749
81 13.0751
82 13.4048
83 13.3803
84 13.4383
85 13.4136
86 13.205
87 13.0209
88 12.8574
89 12.8882
90 12.8882
91 12.8882
92 12.9906
93 13.1564
94 12.1757
95 12.2321
96 12.8679
97 12.4002
98 12.8679
99 12.875
100 11.7655
101 12.2321
102 12.2321
103 11.7655
104 11.7655
105 11.7655
106 11.7655
107 11.7655
108 11.5322
109 11.7655
110 11.7636
111 11.7655
112 11.1409
113 11.7408
114 11.7655
115 11.2726
116 11.3599
117 11.5177
118 10.8776
119 10.8776
120 11.5003
121 10.8776
122 10.7196
123 10.8015
124 10.1812
125 10.8776
126 10.6297
127 10.2397
128 10.2397
129 9.99182
130 9.97443
131 9.99182
132 9.99182
133 9.36079
134 10.086
135 9.99182
136 9.99182
137 9.99182
138 9.99182
139 9.44815
140 9.31008
141 9.44815
142 9.44815
143 9.44815
144 9.3821
145 9.28538
146 8.66792
147 8.80589
148 8.48544
149 8.67529
150 8.98279
151 8.98279
152 8.98279
153 8.66792
154 8.05525
155 8.30055
156 7.98986
157 8.05525
158 7.98986
159 8.05525
160 7.98986
161 7.80738
162 7.80738
163 7.81416
164 7.74994
165 7.78999
166 7.67459
167 7.66701
168 7.66701
169 7.67459
170 7.67459
171 7.64962
172 7.4846
173 7.50207
174 7.50207
175 7.50207
176 7.50207
177 7.20709
178 7.3617
179 7.35181
180 7.36928
181 7.24147
182 7.3617
183 7.36928
184 7.35181
185 7.36928
186 7.36928
187 7.36928
188 7.35181
189 7.35181
190 7.35181
191 7.35181
192 7.35181
193 7.35181
194 7.35181
195 7.35181
196 7.34423
197 7.35181
198 7.34423
199 7.35181
200 7.35181
201 7.35181
202 7.09121
203 7.35181
204 7.35181
205 7.34423
206 7.35181
207 7.35181
208 7.35181
209 7.35181
210 7.34423
211 7.33235
212 7.34942
213 7.35181
214 7.35181
215 7.35181
216 7.35181
217 7.34423
218 7.35181
219 7.35181
220 7.35181
221 7.35181
222 7.34423
223 7.35181
224 7.35181
225 7.35181
226 7.35181
227 7.35181
228 7.34942
229 7.35181
230 7.35181
231 7.35181
232 7.35181
233 7.35181
234 7.35181
235 7.3271
236 7.19483
237 7.35181
238 7.35181
239 7.35181
240 7.35181
241 7.35181
242 7.35181
243 7.06053
244 7.35181
245 7.35181
246 7.35181
247 7.35181
248 7.3271
249 7.35181
250 7.34423
251 7.35181
252 6.7888
253 7.34423
254 7.35181
255 7.35181
256 7.11847
257 7.11847
258 7.11847
259 7.11847
260 7.11847
261 7.3271
262 7.31953
263 7.3271
264 7.31953
265 7.09121
266 7.19483
267 7.19483
268 7.17012
269 7.17012
270 7.17012
271 7.00461
272 7.08096
273 7.09376
274 7.09376
275 7.09376
276 7.09376
277 7.09376
278 7.09376
279 7.08619
280 7.09376
281 6.53075
282 7.09376
283 7.08619
284 7.09376
285 7.09138
286 7.08619
287 7.09376
288 6.9799
289 6.76891
290 7.09181
291 7.09138
292 7.09181
293 7.09181
294 7.09138
295 7.09138
296 7.08619
297 6.53075
298 7.09138
299 7.00461
300 6.83317
301 6.9799
302 6.9799
303 6.9799
304 6.9799
305 6.97387
306 6.9799
307 6.53075
308 6.9799
309 6.53075
310 6.53075
311 6.52318
312 6.53075
313 6.52318
314 6.53075
315 6.53075
316 6.51087
317 6.53075
318 6.52318
319 6.52318
320 6.51087
321 6.26575
322 6.52318
323 6.52318
324 6.51087
325 6.52318
326 6.52318
327 6.52318
328 6.53075
329 6.52318
330 6.53075
331 6.51087
332 6.53075
333 6.51087
334 6.52318
335 6.52318
336 6.53075
337 6.26575
338 6.53075
339 6.51087
340 6.53075
341 6.53075
342 6.53075
343 6.51087
344 6.53075
345 6.26575
346 6.53075
347 6.53075
348 6.51087
349 6.53075
350 6.53075
351 6.53075
352 6.53075
353 6.53075
354 6.53075
355 6.53075
356 6.51087
357 6.53075
358 6.53075
359 6.52318
360 6.53075
361 6.53075
362 6.51087
363 6.53075
364 6.53075
365 6.53075
366 6.53075
367 6.53075
368 6.26575
369 6.53075
370 6.53075
371 6.53075
372 6.53075
373 6.26575
374 6.51087
375 6.53075
376 6.53075
377 6.51087
378 6.26575
379 6.53075
380 6.53075
381 6.53075
382 6.51087
383 6.53075
384 6.53075
385 6.53075
386 6.53075
387 6.53075
388 6.53075
389 6.53075
390 6.53075
391 6.53075
392 6.53075
393 6.53075
394 6.53075
395 6.53075
396 6.53075
397 6.53075
398 6.26575
399 6.53075
400 6.53075
401 6.53075
402 6.53075
403 6.53075
404 6.53075
405 6.53075
406 6.51087
407 6.53075
408 6.53075
409 6.53075
410 6.53075
411 6.53075
412 6.26575
413 6.53075
414 6.53075
415 6.53075
416 6.51087
417 6.49909
418 6.53075
419 6.53075
420 6.26575
421 6.26575
422 6.26575
423 6.26575
424 6.26575
425 6.26575
426 6.26575
427 6.26575
428 6.24587
429 6.26575
430 6.24587
431 6.24587
432 6.26575
433 6.26575
434 6.26575
435 6.26575
436 6.26575
437 6.24587
438 6.24587
439 6.24587
440 6.26575
441 6.24587
442 6.24587
443 6.24587
444 6.26575
445 6.24587
446 6.24587
447 6.24587
448 6.24587
449 6.24587
450 6.24587
451 6.24587
452 6.24587
453 6.24587
454 6.24587
455 6.24587
456 6.24587
457 6.24587
458 6.24587
459 6.24587
460 6.24587
461 6.24587
462 6.24587
463 6.24587
464 6.24587
465 6.24587
466 6.24587
467 6.24587
468 6.24587
469 6.24587
470 6.24587
471 6.24587
472 6.24587
473 6.24587
474 6.24587
475 6.24587
476 6.24587
477 6.24587
478 6.24587
479 6.24587
480 6.24587
481 6.24587
482 6.24587
483 6.24587
484 6.24587
485 6.24587
486 6.24587
487 6.24587
488 6.24587
489 6.24587
490 6.24587
491 6.24587
492 6.24587
493 6.24587
494 6.24587
495 6.24587
496 6.24587
497 6.24587
498 6.24587
499 6.24587
500 6.24587
501 6.24587
502 6.24587
503 6.24587
504 6.24587
505 6.24587
506 6.24587
507 6.24587
508 6.24587
509 6.24587
510 6.24587
511 6.24587
512 6.23829
513 6.24587
514 6.24587
515 6.24587
516 6.24587
517 6.24587
518 6.24587
519 6.24587
520 6.24587
521 6.24587
522 6.24587
523 6.24587
524 6.24587
525 6.24587
526 6.24587
527 6.24587
528 6.24587
529 6.24587
530 6.24587
531 6.24587
532 6.24587
533 6.24587
534 6.24587
535 6.24587
536 6.24587
537 6.24587
538 6.24587
539 6.24587
540 6.24587
541 6.24587
542 6.24587
543 6.24587
544 6.24587
545 6.24587
546 6.24587
547 6.24587
548 6.24587
549 6.24587
550 6.24587
551 6.24587
552 6.24587
553 6.24587
554 6.24587
555 6.24587
556 6.24587
557 6.24587
558 6.24587
559 6.24587
560 6.24587
561 6.24587
562 6.24587
563 6.24587
564 6.24587
565 6.24587
566 6.24587
567 6.24587
568 6.24587
569 6.24587
570 6.23829
571 6.24587
572 6.24587
573 6.24587
574 6.24587
575 6.24587
576 6.24587
577 6.24587
578 6.24587
579 6.24587
580 6.24587
581 6.24587
582 6.24587
583 6.24587
584 6.24587
585 6.24587
586 6.24587
587 6.24587
588 6.24587
589 6.24587
590 6.24587
591 6.24587
592 6.24587
593 6.24587
594 6.24587
595 6.24587
596 6.23829
597 6.24587
598 6.24587
599 6.24587
600 6.24587
601 6.24587
602 6.24587
603 6.24587
604 6.24587
605 6.24587
606 6.24587
607 6.24587
608 6.24587
609 6.24587
610 6.24587
611 6.24587
612 6.23829
613 6.24587
614 6.24587
615 6.24587
616 6.24587
617 6.24587
618 6.24587
619 6.24587
620 6.24587
621 6.24587
622 6.24587
623 6.24587
624 6.24587
625 6.24587
626 6.24587
627 6.24587
628 6.24587
629 6.24587
630 6.24587
631 6.24587
632 6.24587
633 6.24587
634 6.24587
635 6.24587
636 6.24587
637 6.24587
638 6.24587
639 6.24587
640 6.24587
641 6.24587
642 6.24587
643 6.24587
644 6.24587
645 6.24587
646 6.24587
647 6.24587
648 6.24587
649 6.24587
650 6.24587
651 6.24587
652 6.24587
653 6.24587
654 6.24587
655 6.24587
656 6.24587
657 6.24587
658 6.24587
659 6.24587
660 6.24587
661 6.24587
662 6.23829
663 6.24587
664 6.24587
665 6.24587
666 6.23829
667 6.24587
668 6.24587
669 6.24587
670 6.24587
671 6.24587
672 6.24587
673 6.24587
674 6.24587
675 6.24587
676 6.24587
677 6.24587
678 6.24587
679 6.24587
680 6.24587
681 6.24587
682 6.24587
683 6.24587
684 6.24587
685 6.24587
686 6.24587
687 6.24587
688 6.24587
689 6.24587
690 6.24587
691 6.24587
692 6.24587
693 6.24587
694 6.24587
695 6.24587
696 6.24587
697 6.24587
698 6.24587
699 6.24587
700 6.24587
701 6.24587
702 6.24587
703 6.24587
704 6.24587
705 6.24587
706 6.24587
707 6.24587
708 6.24587
709 6.24587
710 6.24587
711 6.24587
712 6.24587
713 6.23829
714 6.24587
715 6.24587
716 6.24587
717 6.24587
718 6.24587
719 6.23829
720 6.24587
721 6.24587
722 6.24587
723 6.24587
724 6.24587
725 6.24587
726 6.24587
727 6.24587
728 6.24587
729 6.24587
730 6.24587
731 6.24587
732 6.24587
733 6.23829
734 6.24587
735 6.23829
736 6.23829
737 6.23829
738 6.23829
739 6.23829
740 6.23829
741 6.23829
742 6.23829
743 6.23829
744 6.23829
745 6.23829
746 6.23829
747 6.23829
748 6.23829
749 6.23829
750 6.23829
751 6.23829
752 6.23829
753 6.23829
754 6.23829
755 6.23829
756 6.23829
757 6.23829
758 6.23829
759 6.23829
760 6.23829
761 6.23829
762 6.23829
763 6.23829
764 6.23829
765 6.23829
766 6.23829
767 6.23829
768 6.23829
769 6.23829
770 6.23829
771 6.23829
772 6.23829
773 6.23829
774 6.23829
775 6.23829
776 6.23829
777 6.23829
778 6.23829
779 6.23829
780 6.23829
781 6.23829
782 6.23829
783 6.23829
784 6.23829
785 6.23829
786 6.23829
787 6.23829
788 6.23829
789 6.23829
790 6.23829
791 6.23829
792 6.23829
793 6.23829
794 6.23829
795 6.23829
796 6.23829
797 6.23829
798 6.23829
799 6.23829
800 6.23829
801 6.23829
802 6.23829
803 6.23829
804 6.23829
805 6.23829
806 6.23829
807 6.23829
808 6.23829
809 6.23829
810 6.23829
811 6.23829
812 6.23829
813 6.23829
814 6.23829
815 6.23829
816 6.23829
817 6.23829
818 6.23829
819 6.23829
820 6.23829
821 6.23829
822 6.23829
823 6.23829
824 6.23829
825 6.23829
826 6.23829
827 6.23829
828 6.23829
829 6.23829
830 6.23829
831 6.23829
832 6.23829
833 6.23829
834 6.23829
835 6.23829
836 6.23829
837 6.23829
838 6.23829
839 6.23829
840 6.23829
841 6.23829
842 6.23829
843 6.23829
844 6.23829
845 6.23829
846 6.23829
847 6.23829
848 6.23829
849 6.23829
850 6.23829
851 6.23829
852 6.23829
853 6.23829
854 6.23829
855 6.23829
856 6.23829
857 6.23829
858 6.23829
859 6.23829
860 6.23829
861 6.23829
862 6.23829
863 6.23829
864 6.23829
865 6.23829
866 6.23829
867 6.23829
868 6.23829
869 6.23829
870 6.23829
871 6.23829
872 6.23829
873 6.23829
874 6.23829
875 6.23829
876 6.23829
877 6.23829
878 6.23829
879 6.23829
880 6.23829
881 6.23829
882 6.23829
883 6.23829
884 6.23829
885 6.23829
886 6.23829
887 6.23829
888 6.23829
889 6.23829
890 6.23829
891 6.23829
892 6.23829
893 6.23829
894 6.23829
895 6.23829
896 6.23829
897 6.23829
898 6.23829
899 6.23829
900 6.23829
