1 0.876755 0.240468
2 1.2289 0.456181
3 1.58231 0.628199
4 1.86572 0.750039
5 2.10941 0.852215
6 2.33431 0.951479
7 2.54592 1.04796
8 2.74376 1.12519
9 2.91746 1.20265
10 3.0911 1.27067
11 3.24791 1.32907
12 3.4032 1.38176
13 3.5513 1.44679
14 3.68984 1.50219
15 3.82454 1.5568
16 3.95733 1.60632
17 4.0878 1.66088
18 4.21214 1.70135
19 4.33814 1.74932
20 4.44709 1.80342
21 4.55863 1.85669
22 4.66134 1.90517
23 4.76726 1.95575
24 4.87565 1.9908
25 4.98397 2.03299
26 5.08555 2.08459
27 5.18283 2.11812
28 5.26566 2.14938
29 5.35081 2.18355
30 5.43969 2.21936
31 5.52501 2.24958
32 5.61246 2.29016
33 5.68519 2.3259
34 5.77022 2.35005
35 5.85548 2.38729
36 5.93864 2.43134
37 6.02059 2.47277
38 6.11487 2.51739
39 6.2013 2.54609
40 6.29051 2.58406
41 6.36156 2.60929
42 6.42964 2.64533
43 6.50948 2.66931
44 6.58918 2.69778
45 6.67239 2.73384
46 6.74161 2.76863
47 6.81652 2.79792
48 6.88755 2.8392
49 6.95493 2.87633
50 7.02572 2.89832
51 7.09396 2.92651
52 7.16095 2.95473
53 7.23051 2.98466
54 7.29792 3.02066
55 7.35954 3.05015
56 7.42234 3.07755
57 7.48204 3.09969
58 7.54395 3.13378
59 7.59619 3.14156
60 7.65476 3.15232
61 7.72514 3.1798
62 7.7857 3.19346
63 7.85353 3.21317
64 7.9154 3.25086
65 7.97384 3.27066
66 8.03576 3.29325
67 8.10595 3.32614
68 8.16301 3.34678
69 8.23275 3.37295
70 8.2979 3.40124
71 8.36509 3.42317
72 8.41764 3.44228
73 8.47166 3.47883
74 8.52904 3.49539
75 8.59033 3.52302
76 8.64696 3.55687
77 8.70497 3.586
78 8.76304 3.61069
79 8.81944 3.62218
80 8.87778 3.64162
81 8.9334 3.66356
82 8.99665 3.68959
83 9.04843 3.70891
84 9.1091 3.73023
85 9.16598 3.7593
86 9.21856 3.77246
87 9.26694 3.77841
88 9.33351 3.80523
89 9.39131 3.83772
90 9.43169 3.85018
91 9.49202 3.87827
92 9.54844 3.90357
93 9.59865 3.93317
94 9.64627 3.94652
95 9.6917 3.95125
96 9.74194 3.96869
97 9.78884 3.99392
98 9.84113 4.01102
99 9.89374 4.02738
100 9.94048 4.05244
