1 1 0
2 1.41633 0.406448
3 1.73937 0.57358
4 2.01172 0.705331
5 2.25286 0.813654
6 2.45906 0.902832
7 2.64394 0.983191
8 2.83048 1.07067
9 3.00073 1.14257
10 3.16907 1.21957
11 3.32452 1.28393
12 3.47661 1.34397
13 3.61796 1.41033
14 3.75617 1.48692
15 3.88688 1.544
16 4.01988 1.60576
17 4.15177 1.6548
18 4.27507 1.7131
19 4.39217 1.754
20 4.50284 1.80403
21 4.61151 1.84945
22 4.71058 1.8789
23 4.80853 1.93801
24 4.91967 1.98035
25 5.01236 2.02542
26 5.11687 2.05597
27 5.20369 2.08853
28 5.30311 2.11741
29 5.39329 2.1611
30 5.49107 2.19746
31 5.58158 2.22891
32 5.66274 2.26102
33 5.75606 2.30529
34 5.84404 2.33573
35 5.92714 2.36536
36 6.01388 2.40271
37 6.09385 2.43176
38 6.17872 2.46806
39 6.26404 2.51044
40 6.34516 2.54127
41 6.42758 2.57256
42 6.50195 2.60333
43 6.57369 2.61821
44 6.65112 2.65032
45 6.72692 2.67884
46 6.80425 2.71301
47 6.87225 2.74095
48 6.94642 2.7614
49 7.02228 2.79888
50 7.09216 2.82308
51 7.15804 2.85229
52 7.22837 2.89158
53 7.29503 2.91448
54 7.36868 2.94104
55 7.42628 2.96459
56 7.49232 2.98311
57 7.56353 3.00866
58 7.62881 3.03626
59 7.69897 3.06274
60 7.75932 3.09533
61 7.82702 3.1227
62 7.88585 3.1525
63 7.94646 3.18389
64 8.00474 3.22827
65 8.06556 3.25239
66 8.13655 3.28494
67 8.20011 3.32165
68 8.26767 3.35258
69 8.32999 3.38479
70 8.38725 3.40266
71 8.44747 3.43393
72 8.50375 3.44496
73 8.56238 3.47025
74 8.63221 3.50513
75 8.68617 3.52739
76 8.75201 3.55027
77 8.80665 3.57138
78 8.8596 3.58881
79 8.91428 3.6122
80 8.97396 3.6369
81 9.0279 3.6741
82 9.09238 3.69829
83 9.15573 3.71088
84 9.21085 3.73361
85 9.25838 3.74645
86 9.30894 3.76355
87 9.37056 3.78785
88 9.42089 3.80541
89 9.47765 3.82369
90 9.53057 3.85106
91 9.58172 3.87435
92 9.62927 3.89284
93 9.68113 3.91274
94 9.72754 3.93071
95 9.77839 3.9553
96 9.8217 3.9745
97 9.87264 3.99957
98 9.92183 4.02882
99 9.97305 4.04564
100 10.013 4.06813
