1000 3.0303 0
2000 3.07765 0.0473485
3000 3.06406 0.0305291
4000 3.07929 0.026422
5000 3.07081 0.022155
6000 3.05865 0.021796
7000 3.09452 0.0403172
8000 3.09063 0.0351309
9000 3.08761 0.0311294
10000 3.10293 0.0317759
11000 3.10879 0.0293343
12000 3.1119 0.026958
13000 3.11562 0.0250754
14000 3.13117 0.0279426
15000 3.13216 0.0260321
16000 3.15086 0.0307031
17000 3.15397 0.0290073
18000 3.15159 0.0274518
19000 3.14417 0.027004
20000 3.1509 0.0264864
21000 3.15997 0.0267752
22000 3.16063 0.0255378
23000 3.1678 0.0254322
24000 3.16601 0.0244147
25000 3.16409 0.0234963
26000 3.16969 0.0232587
27000 3.16551 0.0227681
28000 3.16558 0.02194
29000 3.16046 0.0217792
30000 3.15504 0.0217276
31000 3.15408 0.0210374
32000 3.15797 0.0207382
33000 3.15066 0.0213887
34000 3.14673 0.0211179
35000 3.14397 0.0206906
36000 3.14771 0.0204529
37000 3.14943 0.0199659
38000 3.15242 0.0196635
39000 3.15066 0.0192335
40000 3.14985 0.0187643
41000 3.1551 0.019041
42000 3.15591 0.0185997
43000 3.15652 0.018172
44000 3.16035 0.0181644
45000 3.16132 0.0177822
46000 3.16068 0.017403
47000 3.16254 0.0171304
48000 3.16355 0.0168001
49000 3.16422 0.0164672
50000 3.16221 0.0162599
51000 3.16603 0.0163906
52000 3.16183 0.0166133
53000 3.16275 0.0163232
54000 3.1597 0.0163066
55000 3.15664 0.016297
56000 3.15735 0.0160191
57000 3.15535 0.0158618
58000 3.15507 0.0155885
59000 3.15614 0.0153595
60000 3.15731 0.0151459
61000 3.15783 0.0149047
62000 3.15775 0.0146625
63000 3.15373 0.0149771
64000 3.1511 0.014975
65000 3.1507 0.0147482
66000 3.14877 0.0146499
67000 3.14821 0.0144405
68000 3.15036 0.0143875
69000 3.14979 0.0141888
70000 3.15077 0.0140189
71000 3.14817 0.0140627
72000 3.14756 0.0138794
73000 3.14783 0.0136907
74000 3.14563 0.0136823
75000 3.14582 0.0135001
76000 3.14697 0.0133709
77000 3.14762 0.0132116
78000 3.14891 0.0131048
79000 3.14825 0.0129543
80000 3.14867 0.0127983
81000 3.14737 0.0127058
82000 3.14627 0.0125985
83000 3.14696 0.0124649
84000 3.14764 0.0123341
85000 3.14641 0.0122496
86000 3.14592 0.0121163
87000 3.1465 0.0119902
88000 3.1474 0.0118874
89000 3.14771 0.011757
90000 3.14792 0.0116277
91000 3.14579 0.0116959
92000 3.14418 0.0116793
93000 3.14397 0.0115548
94000 3.14415 0.0114326
95000 3.14309 0.0113611
96000 3.1429 0.0112437
97000 3.14174 0.0111876
98000 3.14108 0.0110926
99000 3.14113 0.0109801
100000 3.14212 0.0109153
