0.0384745 0 0
0.0641241 0 0
0.0897737 0 0
0.115423 0 0
0.141073 0 0
0.166723 0 0
0.192372 0 0
0.218022 0 0
0.243672 0 0
0.269321 0 0
0.294971 0 0
0.32062 0 0
0.34627 0 0
0.37192 0 0
0.397569 0 0
0.423219 0 0
0.448869 0 0
0.474518 0 0
0.500168 0 0
0.525818 0 0
0.551467 0 0
0.577117 0 0
0.602767 0 0
0.628416 0 0
0.654066 0 0
0.679715 0 0
0.705365 0 0
0.731015 0 0
0.756664 0 0
0.782314 0 0
0.807964 0 0
0.833613 0 0
0.859263 0 0
0.884913 0 0
0.910562 0.00065825 0.000105968
0.936212 0.0120439 0.000453787
0.961861 0.0775115 0.00108435
0.987511 0.265224 0.00192746
1.01316 0.568923 0.00271882
1.03881 0.888287 0.00325575
1.06446 1.11472 0.00345385
1.09011 1.21076 0.00353379
1.11576 1.22347 0.003468
1.14141 1.15376 0.0033428
1.16706 1.05304 0.00323198
1.19271 0.947746 0.00305877
1.21836 0.837939 0.00277931
1.24401 0.745689 0.00261164
1.26966 0.66492 0.00238677
1.29531 0.598562 0.00222985
1.32096 0.541104 0.00207345
1.34661 0.494201 0.00193536
1.37226 0.454497 0.00180554
1.39791 0.42042 0.00173998
1.42355 0.39418 0.00164806
1.4492 0.371371 0.00156744
1.47485 0.355906 0.00151359
1.5005 0.341935 0.00145989
1.52615 0.335878 0.00141278
1.5518 0.32866 0.00139419
1.57745 0.324328 0.00134091
1.6031 0.326669 0.00132922
1.62875 0.327214 0.00129666
1.6544 0.330334 0.00128062
1.68005 0.33929 0.00130415
1.7057 0.34813 0.00130194
1.73135 0.36552 0.00131879
1.757 0.377026 0.00131224
1.78265 0.39627 0.00132789
1.8083 0.414722 0.00127863
1.83395 0.433331 0.00131723
1.8596 0.453483 0.00134194
1.88525 0.475392 0.00135592
1.9109 0.496657 0.00139873
1.93655 0.5144 0.00137653
1.9622 0.532704 0.00138769
1.98785 0.551821 0.00134628
2.0135 0.564479 0.00139891
2.03915 0.579369 0.00139057
2.0648 0.588112 0.00134694
2.09045 0.589473 0.00139131
2.1161 0.595333 0.00133977
2.14174 0.592704 0.00135782
2.16739 0.586161 0.00136066
2.19304 0.57373 0.00128622
2.21869 0.563955 0.00120921
2.24434 0.547437 0.00123114
2.26999 0.535454 0.0012098
2.29564 0.522081 0.00120439
2.32129 0.506803 0.00113229
2.34694 0.494717 0.00111743
2.37259 0.48256 0.00110104
2.39824 0.473113 0.00106868
2.42389 0.465922 0.00106596
2.44954 0.457822 0.00103141
2.47519 0.448739 0.000999036
2.50084 0.444574 0.000982641
2.52649 0.435665 0.00099507
2.55214 0.433431 0.000956355
2.57779 0.434837 0.000966251
