           1    -5.44104    -5.44104           0
           2    -5.58746    -5.51425   0.0517692
           3    -5.54283    -5.52378   0.0353783
           4    -5.46074    -5.50802    0.029838
           5    -5.49687    -5.50579   0.0239535
           6    -5.45575    -5.49745   0.0213636
           7    -5.48296    -5.49538   0.0184117
           8    -5.48991     -5.4947   0.0161229
           9    -5.50348    -5.49567    0.014361
          10    -5.55067    -5.50117   0.0139384
          11    -5.61074    -5.51113   0.0158352
          12    -5.52919    -5.51264    0.014587
          13    -5.48976    -5.51088   0.0135706
          14    -5.40476     -5.5033   0.0145651
          15     -5.4902    -5.50242   0.0136202
          16    -5.52068    -5.50357   0.0128166
          17    -5.49097    -5.50282   0.0120841
          18    -5.54002    -5.50489   0.0115881
          19    -5.46277    -5.50267   0.0111883
          20    -5.44617    -5.49985   0.0109798
          21    -5.43451    -5.49674   0.0108888
          22     -5.4301    -5.49371    0.010807
          23    -5.44427    -5.49156   0.0105487
          24    -5.52571    -5.49298   0.0102047
          25    -5.52195    -5.49414  0.00986207
          26    -5.49479    -5.49417   0.0094828
          27    -5.55415    -5.49639   0.0093882
          28    -5.53191    -5.49766  0.00913822
          29      -5.518    -5.49836     0.00885
          30    -5.44018    -5.49642  0.00876489
          31    -5.37898    -5.49263  0.00926472
          32    -5.40309    -5.48983  0.00938823
          33    -5.46504    -5.48908  0.00913375
          34    -5.45164    -5.48798  0.00893123
          35    -5.39162    -5.48523  0.00909046
          36    -5.34714    -5.48139  0.00961318
          37    -5.41128     -5.4795  0.00953828
          38    -5.43527    -5.47833  0.00935801
          39    -5.43419     -5.4772  0.00918625
          40    -5.44065    -5.47629  0.00900191
          41    -5.49305     -5.4767  0.00879164
          42    -5.56676    -5.47884  0.00883999
          43    -5.42991     -5.4777  0.00870734
          44     -5.4362    -5.47676  0.00856039
          45     -5.4442    -5.47604  0.00840067
          46    -5.43107    -5.47506  0.00827472
          47    -5.38918    -5.47323  0.00829794
          48    -5.52135    -5.47423  0.00818541
          49    -5.45595    -5.47386  0.00802686
          50    -5.46588     -5.4737  0.00786791
