           1     1.50051     1.50051           0
           2    0.847064     1.17379    0.231029
           3    0.941369     1.09632    0.166503
           4     1.38129     1.16756    0.139288
           5     1.20034     1.17411    0.111584
           6     1.35282      1.2039   0.0968806
           7     1.37281     1.22803   0.0859931
           8     1.30472     1.23761   0.0757764
           9     1.22848      1.2366   0.0673636
          10    0.941843     1.20712   0.0667652
          11    0.653258     1.15677    0.077387
          12     1.01925     1.14531   0.0717816
          13     1.17036     1.14724   0.0662858
          14     1.58642     1.17861   0.0685736
          15     1.26913     1.18464    0.064267
          16     1.06922     1.17743   0.0606538
          17     1.55935      1.1999    0.061105
          18     1.20989     1.20045   0.0577128
          19     1.51004     1.21674    0.056929
          20     1.59199     1.23551   0.0570906
          21     1.59878     1.25281   0.0569325
          22      1.5175     1.26484   0.0556014
          23     1.45217     1.27298   0.0537773
          24      1.0069      1.2619    0.052667
          25    0.956947      1.2497   0.0519536
          26     1.19699     1.24767    0.049995
          27    0.896302     1.23466   0.0498082
          28    0.938446     1.22408     0.04914
          29     1.05577     1.21827    0.047787
          30     1.45707     1.22623   0.0468523
          31      1.7884     1.24437   0.0487242
          32     1.71964     1.25922   0.0494134
          33     1.36987     1.26257   0.0480297
          34     1.43806     1.26773   0.0468935
          35      1.7487     1.28148   0.0475245
          36     1.89408     1.29849   0.0491566
          37     1.61492     1.30705   0.0485663
          38     1.53258     1.31298   0.0476495
          39     1.53734     1.31873   0.0467737
          40     1.58643     1.32543   0.0460807
          41     1.25941     1.32382   0.0449849
          42    0.853206     1.31261   0.0452878
          43     1.51885     1.31741   0.0444879
          44     1.49638     1.32147   0.0436623
          45     1.35967     1.32232   0.0427003
          46     1.55562      1.3274   0.0420722
          47     1.74342     1.33625   0.0420978
          48     1.22114     1.33385    0.041289
          49     1.53255      1.3379   0.0406451
          50     1.45962     1.34034    0.039905
