1.10918
1.1171
1.12265
1.12582
1.12677
1.12546
1.1215
1.11428
1.10333
1.08873
1.07145
1.05327
1.03641
1.02326
1.01623
1.01735
1.02754
1.04603
1.07044
1.09739
1.12334
1.14517
1.16078
1.16939
1.17158
1.16894
1.16328
1.15601
1.14778
1.13871
1.12882
1.11871
1.10966
1.10311
1.09983
1.09935
1.10051
1.10226
1.10419
1.10604
1.10718
1.10644
1.10252
1.09433
1.0813
1.06346
1.04158
1.01733
0.993304
0.972641
0.958163
0.95144
0.952261
0.958872
0.968771
0.97949
0.989004
0.99595
0.999545
0.999476
0.99562
0.988001
0.977091
0.964482
0.953466
0.94844
0.952919
0.967269
0.988431
1.01187
1.03406
1.05373
1.07143
1.08845
1.10569
1.12332
1.14065
1.15645
1.16946
1.17878
1.18421
1.18626
1.1859
1.18435
1.18277
1.18201
1.1824
1.18351
1.18408
1.18216
1.17543
1.16181
1.14018
1.1115
1.08032
1.05534
1.04607
1.05599
1.07982
1.10843
1.13437
1.15355
1.16449
1.16741
1.16368
1.15561
1.14621
1.13868
1.13549
1.13746
1.14363
1.15188
1.15994
1.16609
1.16919
1.16852
1.16376
1.15525
1.1441
1.13208
1.12106
1.11238
1.10647
1.10277
1.10009
1.09695
1.09208
1.08475
1.07495
1.06339
1.05142
1.04083
1.03328
1.02975
1.02995
1.03263
1.03627
1.04001
1.04393
1.04881
1.05534
1.06353
1.07257
1.08123
1.08853
1.09426
1.09901
1.10371
1.10895
1.11446
1.11911
1.12135
1.11971
1.11307
1.10108
1.08425
1.06387
1.04183
1.02027
1.00119
0.985964
0.975145
0.968725
0.966628
0.96908
0.976532
0.989364
1.00765
1.0309
1.05787
1.08644
1.11394
1.13794
1.15728
1.17253
1.18535
1.1966
1.20531
1.20961
1.20808
1.20034
1.18697
1.16924
1.14898
1.12846
1.1104
1.09774
1.09247
1.09407
1.09931
1.10381
1.10436
1.10001
1.09161
1.08073
1.06872
1.05642
1.04453
1.03409
1.0269
1.02508
1.02949
1.03854
1.04954
1.06132
1.0749
1.09199
1.11334
1.13791
1.16308
1.18556
1.20271
1.21318
1.21697
1.21495
1.20849
1.19944
1.19024
1.18375
1.18186
1.18413
1.188
1.19056
1.18993
1.18551
1.17747
1.16623
1.15231
1.13628
1.1189
1.10139
1.08538
1.07283
1.06556
1.06479
1.07094
1.08353
1.10134
1.12265
1.14549
1.1676
1.18655
1.19993
1.20558
1.20191
1.18842
1.16606
1.13768
1.10788
1.0821
1.06463
1.05659
1.05592
1.05915
1.06299
1.06497
1.06334
1.05705
1.04603
1.03149
1.01611
1.00377
0.998455
1.00263
1.01604
1.03572
1.05748
1.07753
1.09353
1.10468
1.11137
1.11462
1.11556
1.11494
1.11273
1.10834
1.10137
1.09226
1.08227
1.07264
1.06399
1.05634
1.04982
1.04545
1.04505
1.05033
1.06214
1.08043
1.10386
1.12915
1.15145
1.16633
1.17154
1.16744
1.15651
1.1426
1.13
1.12209
1.1198
1.12097
1.12136
1.11689
1.10564
1.0889
1.07099
1.05699
1.04959
1.04804
1.05004
1.05397
1.05922
1.06546
1.0719
1.07726
1.0801
1.07931
1.0744
1.0657
1.05459
1.0436
1.03593
1.03441
1.0404
1.05322
1.0707
1.09013
1.10902
1.12533
1.13747
1.14422
1.14501
1.14026
1.13136
1.11999
1.10738
1.0945
1.08261
1.07331
1.06779
1.06629
1.06812
1.07207
1.07688
1.08147
1.08506
1.08728
1.08817
1.08817
1.08789
1.08786
1.08843
1.08976
1.09179
1.09429
1.09689
1.09914
1.10079
1.10192
1.10306
1.10501
1.10854
1.11414
1.12176
1.1307
1.13974
1.1476
1.15327
1.15616
1.15576
1.15121
1.14106
1.12359
1.09845
1.06957
1.0465
1.03799
1.0434
1.05559
1.06963
1.08422
1.09888
1.1127
1.12484
1.13479
1.14219
1.14658
1.14741
1.14419
1.13669
1.12516
1.11043
1.09392
1.07741
1.06241
1.04966
1.03926
1.03131
1.02646
1.02567
1.02983
1.03904
1.05248
1.06829
1.08413
1.09778
1.10779
1.11366
1.11563
1.11417
1.1098
1.10312
1.09521
1.08777
1.08261
1.08069
1.08135
1.08268
1.08262
1.08028
1.07618
1.0717
1.06808
1.06559
1.06365
1.06142
1.05871
1.05643
1.05645
1.06078
1.07079
1.08641
1.10613
1.12756
1.14806
1.16541
1.17799
1.18471
1.18502
1.17889
1.16695
1.15039
1.13097
1.11077
1.09192
1.07646
1.06611
1.06194
1.06402
1.07106
1.08077
1.09091
1.10001
1.10753
1.11347
1.11782
1.1204
1.12087
1.11895
1.11468
1.10856
1.10142
1.09417
1.08743
1.08126
1.07523
1.06861
1.06081
1.05155
1.04104
1.02997
1.01947
1.01084
1.00531
1.00372
1.0063
1.01282
1.02275
1.03538
1.04979
1.06477
1.07884
1.09045
1.09836
1.10213
1.10229
1.10015
1.09728
1.09484
1.09325
1.09226
1.09132
1.08993
1.08786
1.08493
1.08113
1.07683
1.07293
1.07097
1.07277
1.0798
1.09245
1.10975
1.12955
1.14913
1.16575
1.17715
1.1819
1.17987
1.17257
1.16287
1.1539
1.14747
1.14337
1.14027
1.13716
1.13408
1.13198
1.132
1.13479
1.14024
1.14748
1.1552
1.16207
1.16713
1.17002
1.1711
1.17147
1.17274
1.17655
1.18374
1.19348
1.20348
1.21109
1.21428
1.21209
1.20442
1.19175
1.17485
1.15467
1.13229
1.10899
1.0864
1.06643
1.05097
1.04131
1.03777
1.03961
1.04537
1.05339
1.06228
1.07113
1.07947
1.08692
1.09283
1.09606
1.09533
1.08987
1.07992
1.0669
1.05316
1.04137
1.0338
1.03167
1.03505
1.04294
1.05348
1.06423
1.07278
1.07768
1.07917
1.07933
1.08112
1.08693
1.09715
1.11005
1.12285
1.13305
1.13936
1.14179
1.14131
1.13943
1.1378
1.13768
1.13933
1.1417
1.1431
1.14231
1.1392
1.13455
1.12938
1.12441
1.11984
1.11576
1.11256
1.11114
1.11254
1.11705
1.12374
1.13065
1.13557
1.13688
1.1341
1.12802
1.12039
1.11327
1.10825
1.10599
1.1062
1.10804
1.11055
1.11284
1.11408
1.11349
1.11035
1.10429
1.09575
1.08668
1.08051
1.08067
1.08845
1.10187
1.11664
1.12827
1.13361
1.13131
1.12178
1.10692
1.08987
1.07426
1.06332
1.05887
1.06068
1.06672
1.07401
1.07976
1.08201
1.07985
1.07323
1.06272
1.04924
1.03403
1.01843
1.00388
0.991771
0.983163
0.978531
0.977761
0.980653
0.987653
1.00004
1.01913
1.04483
1.07481
1.10504
1.13128
1.15031
1.16041
1.16124
1.15352
1.13868
1.11871
1.09599
1.0731
1.05257
1.03651
1.02611
1.02156
1.02215
1.02659
1.03325
1.04047
1.04706
1.05256
1.05723
1.06181
1.06709
1.07369
1.082
1.09212
1.10392
1.11703
1.13088
1.14483
1.15806
1.16958
1.1782
1.1828
1.18272
1.178
1.16944
1.15831
1.14581
1.13274
1.11941
1.10609
1.09339
1.08244
1.0747
1.07139
1.07308
1.0794
1.08927
1.10141
1.11475
1.12863
1.14249
1.15552
1.16652
1.17429
1.17812
1.17811
1.17517
1.17052
1.16527
1.16003
1.15487
1.14925
1.1423
1.13301
1.12064
1.10504
1.08674
1.06694
1.04734
1.02991
1.01636
1.00759
1.00329
1.00207
1.00203
1.0016
1.00019
0.99835
0.997376
0.998785
1.00382
1.0131
1.02632
1.04218
1.05861
1.07344
1.08512
1.09313
1.09792
1.10028
1.10054
1.09819
1.0921
1.08126
1.0656
1.04659
1.02731
1.01211
1.00528
1.00896
1.02178
1.03964
1.0579
1.07306
1.08321
1.08778
1.08723
1.08275
1.07582
1.06766
1.05845
1.04719
1.03232
1.01355
0.993612
0.978361
0.973533
0.980392
0.995173
1.01234
1.02741
1.03767
1.04209
1.04126
1.03734
1.03365
1.03381
1.0403
1.05321
1.0702
1.08778
1.10303
1.11449
1.12212
1.12676
1.12923
1.12985
1.1283
1.12412
1.11766
1.11077
1.10655
1.10806
1.11664
1.13114
1.14852
1.16513
1.1778
1.18429
1.18339
1.17484
1.15936
1.13865
1.11535
1.09272
1.07378
1.06021
1.05175
1.04684
1.04391
1.04227
1.04229
1.04472
1.05008
1.05798
1.06708
1.07535
1.08072
1.0818
1.07812
1.07018
1.05934
1.04772
1.03783
1.03196
1.03149
1.0364
1.04536
1.05621
1.06677
1.07563
1.08247
1.08787
1.09271
1.09772
1.10323
1.10911
1.11511
1.12126
1.12796
1.13523
1.14212
1.14704
1.14875
1.14684
1.14178
1.1347
1.12701
1.11999
1.1145
1.11075
1.10839
1.10676
1.10524
1.10336
1.10076
1.09709
1.09211
1.08603
1.07978
1.07481
1.07224
1.07221
1.07381
1.07596
1.07807
1.08014
1.08239
1.08499
1.088
1.0916
1.09604
1.10144
1.10735
1.11276
1.11629
1.11664
1.11282
1.10427
1.09105
1.07407
1.05512
1.03667
1.02122
1.01095
1.0076
1.01222
1.02463
1.04272
1.06294
1.08152
1.09578
1.10476
1.10923
1.11112
1.11303
1.11722
1.12459
1.13401
1.14284
1.14818
1.14797
1.1415
1.12938
1.11331
1.09573
1.07915
1.06547
1.05557
1.0493
1.04597
1.04486
1.04549
1.04771
1.05157
1.05701
1.06361
1.07058
1.07723
1.08325
1.08865
1.09332
1.09696
1.09931
1.10051
1.10089
1.10034
1.09803
1.0927
1.08331
1.07001
1.05469
1.04091
1.03269
1.03265
1.04092
1.05547
1.07346
1.09213
1.1093
1.12355
1.13429
1.14148
1.14514
1.145
1.14073
1.13249
1.12113
1.10817
1.09523
1.08347
1.07339
1.06515
1.05907
1.05587
1.05639
1.06104
1.06931
1.07968
1.09004
1.09829
1.10271
1.1026
1.09847
1.09199
1.08524
1.07971
1.07576
1.07272
1.06979
1.0668
1.06449
1.06407
1.0667
1.0728
1.08195
1.09304
1.10465
1.11551
1.12464
1.13143
1.13556
1.13686
1.13516
1.13043
1.12294
1.11332
1.10284
1.09342
1.08733
1.08608
1.08918
1.09392
1.09649
1.09369
