1.66377
1.67564
1.68398
1.68872
1.69015
1.6882
1.68225
1.67141
1.655
1.6331
1.60718
1.57991
1.55461
1.53489
1.52435
1.52603
1.54131
1.56904
1.60566
1.64609
1.68501
1.71775
1.74117
1.75408
1.75737
1.75341
1.74492
1.73401
1.72167
1.70806
1.69323
1.67807
1.66449
1.65467
1.64974
1.64903
1.65076
1.6534
1.65628
1.65906
1.66077
1.65967
1.65379
1.6415
1.62194
1.59519
1.56236
1.52599
1.48996
1.45896
1.43724
1.42716
1.42839
1.43831
1.45316
1.46924
1.48351
1.49393
1.49932
1.49921
1.49343
1.482
1.46564
1.44672
1.4302
1.42266
1.42938
1.4509
1.48265
1.51781
1.55109
1.58059
1.60715
1.63267
1.65854
1.68498
1.71097
1.73468
1.75419
1.76817
1.77632
1.77939
1.77885
1.77653
1.77416
1.77301
1.77359
1.77527
1.77612
1.77323
1.76314
1.74271
1.71027
1.66726
1.62048
1.583
1.56911
1.58398
1.61973
1.66264
1.70155
1.73032
1.74674
1.75111
1.74553
1.73342
1.71932
1.70803
1.70324
1.7062
1.71545
1.72782
1.73991
1.74914
1.75378
1.75278
1.74565
1.73287
1.71615
1.69812
1.68159
1.66857
1.6597
1.65416
1.65013
1.64543
1.63812
1.62713
1.61242
1.59509
1.57713
1.56124
1.54992
1.54462
1.54493
1.54894
1.55441
1.56001
1.5659
1.57322
1.58301
1.59529
1.60886
1.62184
1.63279
1.6414
1.64851
1.65557
1.66343
1.67169
1.67866
1.68203
1.67956
1.66961
1.65163
1.62638
1.5958
1.56275
1.53041
1.50178
1.47895
1.46272
1.45309
1.44994
1.45362
1.4648
1.48405
1.51147
1.54635
1.5868
1.62967
1.67091
1.70692
1.73592
1.7588
1.77803
1.7949
1.80797
1.81441
1.81211
1.80052
1.78045
1.75385
1.72347
1.6927
1.6656
1.64662
1.63871
1.64111
1.64896
1.65571
1.65654
1.65001
1.63741
1.6211
1.60308
1.58463
1.56679
1.55114
1.54035
1.53763
1.54424
1.5578
1.5743
1.59199
1.61235
1.63799
1.67001
1.70687
1.74462
1.77834
1.80407
1.81978
1.82546
1.82242
1.81274
1.79916
1.78536
1.77562
1.77279
1.7762
1.782
1.78584
1.78489
1.77826
1.7662
1.74934
1.72847
1.70442
1.67836
1.65208
1.62808
1.60925
1.59834
1.59719
1.60642
1.6253
1.652
1.68398
1.71824
1.75139
1.77982
1.7999
1.80837
1.80287
1.78263
1.7491
1.70651
1.66181
1.62315
1.59694
1.58488
1.58388
1.58872
1.59449
1.59745
1.595
1.58557
1.56904
1.54723
1.52417
1.50566
1.49768
1.50395
1.52405
1.55358
1.58622
1.6163
1.6403
1.65702
1.66706
1.67193
1.67334
1.67241
1.6691
1.66251
1.65205
1.6384
1.6234
1.60895
1.59599
1.58451
1.57472
1.56817
1.56758
1.57549
1.59321
1.62065
1.65578
1.69372
1.72718
1.7495
1.75731
1.75117
1.73477
1.7139
1.695
1.68314
1.67971
1.68145
1.68204
1.67533
1.65846
1.63335
1.60649
1.58548
1.57439
1.57206
1.57507
1.58095
1.58883
1.59819
1.60786
1.61589
1.62015
1.61897
1.6116
1.59855
1.58189
1.5654
1.55389
1.55162
1.5606
1.57983
1.60606
1.6352
1.66353
1.68799
1.7062
1.71632
1.71751
1.71038
1.69705
1.67998
1.66107
1.64174
1.62392
1.60997
1.60169
1.59944
1.60218
1.6081
1.61532
1.6222
1.62759
1.63091
1.63225
1.63225
1.63183
1.63179
1.63265
1.63464
1.63769
1.64143
1.64533
1.64871
1.65118
1.65287
1.65459
1.65752
1.6628
1.6712
1.68263
1.69604
1.70961
1.72139
1.7299
1.73424
1.73364
1.72682
1.71159
1.68539
1.64768
1.60436
1.56975
1.55699
1.5651
1.58339
1.60445
1.62634
1.64832
1.66905
1.68726
1.70218
1.71328
1.71987
1.72112
1.71628
1.70504
1.68774
1.66564
1.64088
1.61611
1.59361
1.57449
1.55889
1.54697
1.53968
1.53851
1.54474
1.55857
1.57872
1.60244
1.6262
1.64667
1.66168
1.67049
1.67344
1.67126
1.66471
1.65468
1.64282
1.63166
1.62392
1.62103
1.62203
1.62402
1.62393
1.62042
1.61427
1.60755
1.60212
1.59839
1.59547
1.59212
1.58806
1.58465
1.58467
1.59117
1.60618
1.62961
1.6592
1.69134
1.72209
1.74812
1.76698
1.77707
1.77753
1.76834
1.75042
1.72559
1.69646
1.66615
1.63788
1.61469
1.59916
1.59291
1.59604
1.60659
1.62116
1.63636
1.65001
1.6613
1.6702
1.67673
1.6806
1.6813
1.67843
1.67203
1.66284
1.65213
1.64125
1.63114
1.6219
1.61284
1.60292
1.59121
1.57733
1.56156
1.54496
1.52921
1.51626
1.50797
1.50558
1.50945
1.51923
1.53413
1.55307
1.57469
1.59715
1.61827
1.63567
1.64755
1.6532
1.65343
1.65022
1.64592
1.64226
1.63988
1.63839
1.63697
1.6349
1.63179
1.62739
1.6217
1.61524
1.60939
1.60645
1.60916
1.6197
1.63868
1.66463
1.69433
1.7237
1.74863
1.76572
1.77284
1.76981
1.75886
1.7443
1.73085
1.7212
1.71506
1.71041
1.70574
1.70111
1.69796
1.698
1.70219
1.71036
1.72121
1.73279
1.74311
1.7507
1.75503
1.75665
1.7572
1.7591
1.76483
1.77562
1.79022
1.80523
1.81663
1.82142
1.81813
1.80663
1.78762
1.76227
1.732
1.69844
1.66349
1.6296
1.59965
1.57646
1.56197
1.55666
1.55941
1.56805
1.58009
1.59342
1.60669
1.6192
1.63039
1.63925
1.64409
1.643
1.63481
1.61988
1.60035
1.57973
1.56205
1.55069
1.5475
1.55257
1.5644
1.58022
1.59634
1.60917
1.61651
1.61876
1.61899
1.62169
1.6304
1.64573
1.66508
1.68427
1.69958
1.70905
1.71268
1.71197
1.70914
1.70669
1.70652
1.709
1.71255
1.71465
1.71347
1.70881
1.70182
1.69408
1.68661
1.67976
1.67364
1.66883
1.66671
1.66881
1.67558
1.68562
1.69597
1.70336
1.70533
1.70115
1.69203
1.68059
1.6699
1.66237
1.65899
1.6593
1.66205
1.66583
1.66926
1.67112
1.67024
1.66553
1.65643
1.64362
1.63003
1.62077
1.621
1.63268
1.65281
1.67496
1.6924
1.70041
1.69697
1.68266
1.66039
1.63481
1.61139
1.59498
1.5883
1.59103
1.60007
1.61101
1.61964
1.62301
1.61977
1.60985
1.59408
1.57386
1.55104
1.52765
1.50583
1.48766
1.47474
1.4678
1.46664
1.47098
1.48148
1.50006
1.5287
1.56724
1.61221
1.65756
1.69692
1.72546
1.74061
1.74187
1.73028
1.70802
1.67807
1.64398
1.60965
1.57886
1.55476
1.53917
1.53234
1.53323
1.53989
1.54987
1.56071
1.57059
1.57884
1.58585
1.59272
1.60064
1.61053
1.623
1.63819
1.65589
1.67554
1.69632
1.71724
1.73709
1.75437
1.76729
1.7742
1.77409
1.767
1.75417
1.73746
1.71872
1.69911
1.67911
1.65913
1.64009
1.62367
1.61204
1.60708
1.60963
1.61911
1.63391
1.65211
1.67213
1.69295
1.71374
1.73327
1.74978
1.76144
1.76718
1.76717
1.76275
1.75579
1.74791
1.74005
1.7323
1.72388
1.71345
1.69951
1.68096
1.65756
1.63011
1.6004
1.571
1.54486
1.52454
1.51139
1.50494
1.50311
1.50305
1.5024
1.50029
1.49752
1.49606
1.49818
1.50573
1.51965
1.53949
1.56327
1.58792
1.61017
1.62768
1.6397
1.64688
1.65041
1.6508
1.64728
1.63814
1.62188
1.59841
1.56989
1.54097
1.51816
1.50791
1.51344
1.53267
1.55946
1.58685
1.6096
1.62482
1.63167
1.63085
1.62412
1.61373
1.60148
1.58768
1.57078
1.54847
1.52032
1.49042
1.46754
1.4603
1.47059
1.49276
1.51851
1.54111
1.5565
1.56313
1.56189
1.55601
1.55048
1.55071
1.56044
1.57981
1.6053
1.63168
1.65454
1.67173
1.68318
1.69014
1.69385
1.69478
1.69245
1.68618
1.67649
1.66615
1.65982
1.66209
1.67495
1.69671
1.72278
1.7477
1.7667
1.77644
1.77508
1.76226
1.73905
1.70797
1.67303
1.63908
1.61067
1.59031
1.57762
1.57026
1.56586
1.56341
1.56343
1.56709
1.57512
1.58697
1.60062
1.61302
1.62108
1.6227
1.61718
1.60527
1.58901
1.57158
1.55674
1.54794
1.54723
1.55461
1.56804
1.58431
1.60016
1.61345
1.62371
1.63181
1.63906
1.64658
1.65484
1.66367
1.67266
1.68189
1.69194
1.70285
1.71318
1.72056
1.72312
1.72026
1.71267
1.70205
1.69051
1.67999
1.67175
1.66612
1.66258
1.66014
1.65786
1.65504
1.65114
1.64564
1.63817
1.62904
1.61967
1.61221
1.60836
1.60831
1.61071
1.61395
1.61711
1.62021
1.62358
1.62748
1.632
1.6374
1.64406
1.65216
1.66103
1.66914
1.67444
1.67496
1.66923
1.6564
1.63657
1.6111
1.58269
1.555
1.53183
1.51642
1.51139
1.51834
1.53694
1.56408
1.59441
1.62228
1.64366
1.65715
1.66385
1.66669
1.66954
1.67583
1.68689
1.70102
1.71426
1.72227
1.72196
1.71226
1.69407
1.66997
1.6436
1.61872
1.59821
1.58335
1.57394
1.56896
1.56729
1.56823
1.57156
1.57735
1.58552
1.59541
1.60587
1.61584
1.62488
1.63297
1.63998
1.64544
1.64897
1.65077
1.65133
1.6505
1.64705
1.63904
1.62497
1.60502
1.58204
1.56137
1.54903
1.54898
1.56137
1.58321
1.61019
1.63819
1.66395
1.68533
1.70144
1.71222
1.71771
1.71749
1.7111
1.69873
1.68169
1.66225
1.64285
1.62521
1.61008
1.59773
1.58861
1.5838
1.58459
1.59156
1.60397
1.61951
1.63507
1.64743
1.65407
1.6539
1.64771
1.63799
1.62785
1.61957
1.61364
1.60908
1.60468
1.6002
1.59673
1.59611
1.60005
1.60919
1.62293
1.63955
1.65698
1.67327
1.68696
1.69715
1.70334
1.70529
1.70273
1.69565
1.68441
1.66998
1.65426
1.64013
1.631
1.62912
1.63377
1.64088
1.64473
1.64054
