0.876137
0.882441
0.886866
0.889386
0.890149
0.88911
0.88595
0.880198
0.87148
0.859848
0.846085
0.8316
0.818164
0.807691
0.802089
0.802979
0.811091
0.825821
0.845263
0.86674
0.887409
0.904806
0.917243
0.924103
0.92585
0.923746
0.919239
0.913449
0.906898
0.899668
0.891795
0.883745
0.876533
0.871314
0.868697
0.868319
0.869237
0.870636
0.872169
0.873641
0.87455
0.873964
0.870843
0.86432
0.853934
0.839726
0.822293
0.802977
0.783834
0.767371
0.755836
0.750476
0.751127
0.756392
0.764277
0.772814
0.780395
0.785931
0.788798
0.788743
0.785672
0.779603
0.77091
0.760864
0.752087
0.74808
0.751647
0.763076
0.779931
0.798606
0.816288
0.831955
0.84606
0.859615
0.873358
0.8874
0.901203
0.913795
0.924162
0.931592
0.93592
0.937551
0.937267
0.936034
0.934774
0.934169
0.934474
0.935361
0.935818
0.934285
0.928924
0.918074
0.900845
0.878004
0.85316
0.833252
0.825865
0.833758
0.852736
0.875528
0.896196
0.91148
0.9202
0.922526
0.919562
0.913134
0.905643
0.899647
0.8971
0.898672
0.903586
0.910156
0.916578
0.921479
0.923946
0.92341
0.919622
0.912839
0.903958
0.894379
0.8856
0.878687
0.873972
0.871027
0.868891
0.866392
0.862515
0.856674
0.848869
0.839659
0.830124
0.821682
0.815673
0.812854
0.813012
0.815145
0.81805
0.821022
0.824151
0.828039
0.833239
0.839762
0.846964
0.853864
0.85968
0.864247
0.868027
0.871775
0.87595
0.880335
0.884038
0.885829
0.88452
0.879234
0.869684
0.856277
0.84004
0.822484
0.805311
0.790107
0.777976
0.769352
0.764237
0.762567
0.764521
0.770454
0.780676
0.79524
0.813762
0.835247
0.858011
0.879918
0.899041
0.914446
0.926598
0.936816
0.945779
0.952725
0.956149
0.954931
0.948772
0.938119
0.923994
0.90786
0.891512
0.87712
0.867032
0.862826
0.864102
0.868268
0.871857
0.872294
0.868827
0.862132
0.853472
0.843902
0.834104
0.824627
0.816314
0.810583
0.809135
0.812647
0.819849
0.828611
0.838003
0.848818
0.862431
0.879437
0.899013
0.919064
0.936973
0.950639
0.958987
0.962006
0.960395
0.955254
0.948043
0.940716
0.935544
0.934038
0.935845
0.938928
0.940966
0.940462
0.936943
0.93054
0.921586
0.910499
0.897727
0.883886
0.869933
0.857181
0.847181
0.841383
0.840775
0.84567
0.855695
0.869878
0.88686
0.905057
0.922668
0.937768
0.948434
0.952936
0.950019
0.939273
0.921467
0.89885
0.875107
0.854571
0.840648
0.83424
0.833706
0.836271
0.839338
0.840917
0.839614
0.834608
0.825829
0.814245
0.802
0.792167
0.787926
0.791254
0.801927
0.81761
0.834944
0.850919
0.863667
0.872551
0.877884
0.880471
0.88122
0.880724
0.878965
0.875466
0.86991
0.862659
0.854696
0.847023
0.840138
0.834044
0.828845
0.825362
0.825047
0.829246
0.838658
0.853229
0.871887
0.892034
0.909805
0.921661
0.925815
0.922557
0.91385
0.902767
0.892729
0.886426
0.884603
0.885532
0.885846
0.882288
0.873326
0.859996
0.845726
0.834562
0.828669
0.82743
0.829029
0.832151
0.836335
0.841304
0.846438
0.850702
0.852965
0.852343
0.848433
0.841499
0.832655
0.823897
0.817782
0.816576
0.821342
0.831553
0.84548
0.860959
0.876004
0.888998
0.898672
0.90405
0.904681
0.900898
0.893814
0.884754
0.874707
0.864442
0.854973
0.847565
0.843165
0.841972
0.843425
0.846566
0.850402
0.854057
0.856917
0.858684
0.859391
0.859393
0.859167
0.859144
0.859604
0.860661
0.862278
0.864266
0.866337
0.868137
0.869444
0.870343
0.871256
0.872811
0.875616
0.880077
0.886145
0.893266
0.900473
0.906729
0.911252
0.913556
0.913237
0.909616
0.901531
0.88762
0.867591
0.844584
0.826198
0.819418
0.823721
0.833434
0.844617
0.856244
0.867919
0.87893
0.888599
0.896527
0.902421
0.905921
0.906586
0.90402
0.898049
0.888863
0.877126
0.863977
0.85082
0.838868
0.828713
0.820428
0.814093
0.810222
0.809595
0.812902
0.820242
0.830944
0.843543
0.85616
0.867032
0.875009
0.879691
0.881257
0.8801
0.876618
0.871296
0.864993
0.859071
0.85496
0.853429
0.85396
0.855014
0.85497
0.853104
0.849838
0.846272
0.843385
0.841406
0.839858
0.838084
0.835926
0.834113
0.834122
0.837575
0.845543
0.857985
0.873703
0.890771
0.907104
0.920931
0.930951
0.93631
0.936556
0.93168
0.922165
0.908974
0.893504
0.877404
0.862388
0.850073
0.841822
0.838501
0.840158
0.84576
0.853497
0.861575
0.868821
0.874818
0.879542
0.883014
0.88507
0.885446
0.883923
0.880519
0.87564
0.869954
0.864179
0.85881
0.853901
0.849092
0.84382
0.837604
0.830232
0.821857
0.81304
0.804675
0.7978
0.793391
0.792118
0.794174
0.799369
0.80728
0.81734
0.828818
0.840751
0.851964
0.861208
0.867517
0.87052
0.870644
0.868939
0.866655
0.86471
0.863444
0.862652
0.861899
0.860802
0.859145
0.856809
0.853788
0.850356
0.847248
0.845688
0.847124
0.852723
0.862802
0.876581
0.892356
0.907954
0.921198
0.930276
0.934063
0.932456
0.92664
0.91891
0.911765
0.906636
0.903374
0.900906
0.898419
0.895964
0.894288
0.894305
0.896534
0.900869
0.906635
0.912786
0.918267
0.922299
0.924601
0.92546
0.925754
0.926763
0.929804
0.93553
0.943285
0.951256
0.957313
0.959859
0.958113
0.952003
0.941911
0.92845
0.912373
0.894547
0.875986
0.857988
0.842079
0.82976
0.822062
0.819239
0.820701
0.825288
0.831679
0.838755
0.845806
0.852453
0.858394
0.863101
0.865674
0.865093
0.860747
0.852819
0.842448
0.831499
0.822109
0.816074
0.814377
0.817068
0.823352
0.831754
0.840314
0.84713
0.851033
0.852227
0.852349
0.85378
0.858407
0.866548
0.876824
0.887017
0.895147
0.900179
0.902109
0.90173
0.90023
0.898928
0.898839
0.900153
0.90204
0.903156
0.90253
0.900055
0.896347
0.892231
0.888267
0.884627
0.881374
0.87882
0.877694
0.878806
0.882401
0.887728
0.89323
0.897152
0.898201
0.895985
0.891139
0.88506
0.879382
0.875385
0.873583
0.87375
0.875212
0.877219
0.879045
0.88003
0.879565
0.877069
0.87224
0.865436
0.858215
0.853295
0.853413
0.859617
0.870306
0.882068
0.891334
0.895592
0.893764
0.886171
0.874342
0.860754
0.848319
0.839604
0.836056
0.837498
0.842306
0.848115
0.852697
0.854487
0.852769
0.8475
0.839123
0.828386
0.816268
0.803844
0.792255
0.782603
0.775744
0.772054
0.771437
0.773737
0.779314
0.789181
0.804383
0.824854
0.848739
0.872827
0.893735
0.908894
0.916945
0.917611
0.911463
0.899642
0.883736
0.865634
0.847396
0.831039
0.818237
0.809953
0.806327
0.806797
0.810334
0.815635
0.82139
0.826639
0.831019
0.834744
0.838395
0.842601
0.847858
0.85448
0.862546
0.871945
0.882386
0.893422
0.904532
0.915077
0.924259
0.931122
0.934792
0.934733
0.930968
0.924151
0.915281
0.905327
0.894909
0.88429
0.873676
0.863561
0.854839
0.848664
0.846029
0.847379
0.852412
0.860273
0.86994
0.880571
0.89163
0.902668
0.913044
0.921811
0.928003
0.931051
0.931048
0.928703
0.925007
0.920821
0.916649
0.912535
0.90806
0.902523
0.895122
0.885268
0.87284
0.858262
0.842486
0.826871
0.812984
0.802195
0.795204
0.791777
0.790802
0.79077
0.790428
0.789305
0.78784
0.787063
0.788185
0.792193
0.799588
0.81012
0.822751
0.835843
0.847659
0.856958
0.863341
0.867158
0.869034
0.869247
0.867377
0.862528
0.853898
0.841429
0.826285
0.810922
0.798807
0.793363
0.796293
0.806505
0.820731
0.835277
0.847359
0.855444
0.859087
0.858654
0.855081
0.849561
0.843061
0.83573
0.826753
0.814906
0.799953
0.784071
0.771918
0.768068
0.773527
0.785303
0.79898
0.810984
0.81916
0.822683
0.822026
0.818903
0.815962
0.816087
0.821252
0.831539
0.845073
0.859083
0.871227
0.880358
0.886442
0.890136
0.892107
0.8926
0.891363
0.888033
0.882887
0.877397
0.874035
0.875234
0.882063
0.893615
0.90746
0.920695
0.93079
0.935963
0.935248
0.928435
0.916111
0.899607
0.881046
0.863013
0.847924
0.837109
0.830368
0.826458
0.824121
0.82282
0.822829
0.82477
0.829037
0.835331
0.842583
0.849167
0.853448
0.854316
0.851385
0.845061
0.836431
0.827172
0.819293
0.814618
0.814235
0.818149
0.825283
0.833926
0.84234
0.8494
0.85485
0.85915
0.863005
0.866995
0.871383
0.876075
0.880851
0.885753
0.891092
0.896885
0.90237
0.90629
0.907652
0.906135
0.902102
0.896464
0.890333
0.884744
0.880367
0.877377
0.875498
0.874202
0.87299
0.871493
0.86942
0.866499
0.862533
0.857685
0.852711
0.848746
0.846705
0.846676
0.847951
0.849669
0.851348
0.852995
0.854786
0.856854
0.859256
0.862123
0.865659
0.869958
0.874672
0.878979
0.881792
0.882071
0.879027
0.872218
0.861688
0.848163
0.833072
0.818368
0.806063
0.797876
0.795204
0.798887
0.808767
0.82318
0.839288
0.854086
0.865444
0.872606
0.876167
0.877673
0.879187
0.882525
0.888395
0.8959
0.902934
0.907192
0.907027
0.901876
0.892219
0.879422
0.865416
0.852199
0.841304
0.833413
0.828415
0.825766
0.82488
0.825382
0.827149
0.830222
0.834561
0.839815
0.84537
0.85067
0.855469
0.859768
0.863491
0.866388
0.868262
0.86922
0.869516
0.86908
0.867244
0.862997
0.855523
0.844928
0.832726
0.821743
0.815188
0.815157
0.82174
0.833333
0.847663
0.862534
0.876216
0.887572
0.896131
0.901858
0.904777
0.904665
0.901267
0.894701
0.885651
0.875327
0.865018
0.855649
0.847617
0.841057
0.836215
0.833662
0.834075
0.83778
0.844369
0.852626
0.860888
0.867452
0.870981
0.870892
0.867608
0.862446
0.857061
0.852659
0.849509
0.84709
0.844753
0.842376
0.840528
0.840203
0.842297
0.847147
0.854442
0.863272
0.872529
0.88118
0.888449
0.89386
0.897147
0.898185
0.896829
0.893066
0.8871
0.879439
0.871087
0.863581
0.858732
0.857729
0.8602
0.863977
0.86602
0.863797
