0 0.322666 0.00492527
1 0.364693 0.26323
2 0.264606 0.21135
3 0.243303 0.271011
4 1.06418 0.17386
5 0.221643 0.337432
6 0.515897 0.342099
7 0.742526 0.169882
8 0.54323 0.283168
9 -0.314607 0.22528
10 0.71268 0.236878
11 0.422635 0.240753
12 0.747309 0.218424
13 0.1668 0.184862
14 -0.00358048 0.167267
15 0.646132 0.226492
16 0.15065 0.209069
17 0.369346 0.260221
18 0.257067 0.255177
19 0.385535 0.234934
20 0.487572 0.191498
21 0.65306 0.229282
22 0.521298 0.196308
23 0.394217 0.242801
24 0.114107 0.193126
25 0.434572 0.202648
26 0.384477 0.242825
27 0.0356626 0.21411
28 0.187711 0.21717
29 0.590176 0.246678
30 0.192531 0.169622
31 0.440506 0.175366
32 0.67334 0.197144
33 0.275779 0.189565
34 0.14356 0.184975
35 0.431783 0.203976
36 0.376079 0.185219
37 -0.0393853 0.267714
38 0.599538 0.201587
39 0.0476348 0.129641
40 0.0561942 0.196478
41 0.45553 0.207926
42 0.362188 0.193167
43 0.48873 0.209791
44 0.706536 0.201241
45 0.235899 0.247326
46 0.655141 0.183213
47 0.182614 0.140076
48 0.124494 0.235214
49 0.269096 0.167764
50 0.390812 0.152842
51 -0.0371079 0.171948
52 -0.17909 0.174534
53 0.635396 0.150341
54 0.282483 0.24666
55 0.124015 0.156222
56 0.208762 0.184719
57 0.0891738 0.185136
58 0.44907 0.160536
59 0.257983 0.153782
60 0.475844 0.210473
61 0.36092 0.162324
62 0.551527 0.169703
63 0.433901 0.138672
64 0.425575 0.173377
65 0.485207 0.155711
66 0.170738 0.223548
67 0.260298 0.176271
68 0.34231 0.19066
69 0.520938 0.192395
70 0.240805 0.1677
71 0.270268 0.15504
72 0.342637 0.223817
73 0.160966 0.184284
74 0.183916 0.181958
75 0.151414 0.151228
76 0.537119 0.133283
77 0.268983 0.222703
78 0.0353798 0.218976
79 -0.054931 0.113501
80 0.0903016 0.137374
81 0.291457 0.131629
82 0.473292 0.142813
83 0.162231 0.134815
84 0.373655 0.133377
85 0.322492 0.184856
86 0.355684 0.193533
87 0.220838 0.173806
88 0.11811 0.188358
89 0.244297 0.139681
90 0.421168 0.160004
91 0.239032 0.116712
92 0.277246 0.174094
93 0.372143 0.145609
94 0.0369862 0.111826
95 0.19982 0.169443
96 0.111674 0.147447
97 0.395102 0.177935
98 0.62037 0.177914
99 0.16415 0.166775
100 0.512783 0.155987
101 0.407131 0.25498
102 0.275379 0.192924
103 0.465208 0.138174
104 0.205341 0.187436
105 0.138063 0.182284
106 0.215498 0.177131
107 0.478134 0.12913
108 0.300517 0.176171
109 0.262277 0.167763
110 0.0287395 0.185691
111 -0.0185606 0.171129
112 0.19746 0.201288
113 0.415952 0.178929
114 0.4665 0.150119
115 0.322497 0.179985
116 0.178138 0.197554
117 0.533433 0.153613
118 0.397819 0.176532
119 0.366759 0.192917
120 0.487131 0.172508
121 0.241775 0.122482
122 0.516709 0.144266
123 0.346387 0.128708
124 0.535882 0.147511
125 0.38636 0.144433
126 0.624908 0.142562
127 -0.223174 0.169413
128 0.142343 0.162059
129 0.511947 0.185961
130 0.300816 0.169829
131 0.150771 0.137838
132 0.319768 0.140169
133 0.266024 0.157321
134 0.512616 0.150028
135 0.372818 0.140593
136 0.656819 0.0952286
137 0.172021 0.140826
138 0.335605 0.168206
139 0.209237 0.146837
140 0.31053 0.124884
141 0.39741 0.155724
142 0.267719 0.146401
143 0.132003 0.134278
144 0.405651 0.138438
145 0.199043 0.16568
146 0.18164 0.119287
147 0.300066 0.188173
148 0.183807 0.186418
149 0.0529398 0.145008
150 0.271767 0.176217
151 0.178566 0.112494
152 0.41473 0.150349
153 0.360014 0.156979
154 0.303721 0.170983
155 0.476013 0.180451
156 0.117536 0.163301
157 0.204912 0.122417
158 0.0824996 0.174235
159 0.210199 0.133749
160 0.208292 0.137508
161 0.0410655 0.170269
162 0.487728 0.140565
163 0.271402 0.190821
164 0.264147 0.159883
165 0.316064 0.158585
166 0.253653 0.140899
167 0.144496 0.15481
168 -0.00688073 0.208261
169 0.10109 0.165419
170 0.317585 0.149907
171 -0.0896819 0.111616
172 0.493697 0.185996
173 0.211962 0.136488
174 0.327188 0.131405
175 0.0467677 0.174854
176 0.360538 0.194797
177 0.145849 0.164162
178 0.340756 0.129668
179 0.135694 0.180699
180 0.610774 0.12205
181 0.369426 0.146773
182 0.45513 0.226321
183 0.50606 0.209427
184 0.126559 0.127736
185 0.586563 0.137967
186 0.341383 0.221792
187 0.266302 0.139082
188 0.345859 0.122847
189 0.307294 0.201465
190 0.547261 0.15933
191 0.0334787 0.144155
192 0.352552 0.192914
193 0.572738 0.186132
194 0.0920028 0.217839
195 0.387211 0.131031
196 0.2063 0.170041
197 0.414905 0.230266
198 0.672377 0.120571
199 0.208335 0.135344
200 0.145556 0.178003
201 0.206808 0.186978
202 0.220726 0.170924
203 0.587435 0.170334
204 0.201494 0.15593
205 0.239847 0.11781
206 0.344579 0.161298
207 0.0835659 0.125408
208 0.141873 0.214336
209 0.597527 0.140635
210 0.253293 0.181145
211 0.364192 0.164429
212 0.515756 0.153962
213 0.0952661 0.107187
214 0.443985 0.185141
215 0.263571 0.185789
216 0.497935 0.229937
217 0.706602 0.169225
218 0.255338 0.223308
219 0.567683 0.200934
220 0.196977 0.157069
221 0.332351 0.203844
222 0.123882 0.17574
223 -0.0654481 0.1681
224 0.405369 0.146906
225 0.402157 0.160983
226 0.511163 0.19955
227 0.359743 0.200055
228 0.462526 0.199632
229 0.107012 0.141058
230 0.345966 0.184075
231 0.192773 0.126757
232 0.00529596 0.143984
233 0.454363 0.184583
234 0.274323 0.191977
235 0.419661 0.218243
236 0.233756 0.133578
237 0.477358 0.162371
238 0.482955 0.218586
239 0.274711 0.164752
240 0.108538 0.154881
241 0.432428 0.136285
242 0.19729 0.202659
243 0.346998 0.151745
244 0.34178 0.179989
245 0.311694 0.163466
246 0.469713 0.194351
247 0.333438 0.169781
248 0.359438 0.164198
249 0.0225429 0.146587
250 0.30811 0.229024
251 0.494048 0.203257
252 0.381799 0.227332
253 0.530337 0.262535
254 0.209124 0.134845
255 0.00597659 0.1885
256 0.548308 0.147876
257 0.151031 0.177826
258 0.0747419 0.188008
259 0.593629 0.180023
260 0.478713 0.195359
261 0.328791 0.143076
262 0.188772 0.186067
263 0.665501 0.200384
264 0.696471 0.263758
265 0.433219 0.216201
266 0.0751447 0.195448
267 0.55414 0.207325
268 0.331405 0.143317
269 0.564991 0.236685
270 0.289452 0.147125
271 0.392105 0.249398
272 0.240205 0.124954
273 0.220551 0.250565
274 0.198569 0.170345
275 0.349993 0.153417
276 0.558984 0.178524
277 0.420605 0.183069
278 0.34185 0.27257
279 0.0215255 0.223526
280 0.347035 0.210271
281 0.492649 0.221276
282 0.242061 0.16719
283 0.164547 0.299479
284 -0.168581 0.197693
285 -0.0773804 0.274789
286 0.373148 0.187604
287 0.154688 0.255043
288 0.511948 0.275128
289 0.318423 0.23728
290 0.111396 0.305894
291 0.592802 0.24741
292 0.54773 0.26505
293 0.492625 0.232487
294 0.248661 0.258146
295 0.163322 0.266535
296 0.344787 0.258972
297 0.28883 0.197173
298 0.539499 0.313854
299 0.330423 0.00381599
