           1    -4.74663    -4.74663           0
           2    -5.76101    -5.25382    0.358637
           3    -5.93592    -5.48119    0.302701
           4    -5.99215    -5.60893    0.252545
           5    -6.05152    -5.69745    0.216995
           6    -6.13669    -5.77065    0.192783
           7    -6.16795    -5.82741    0.173396
           8    -6.19248    -5.87304    0.157612
           9    -6.21392    -5.91092    0.144579
          10    -6.26219    -5.94605     0.13432
          11    -6.31739    -5.97981    0.126281
          12    -6.29196    -6.00582    0.118406
          13    -6.38851    -6.03526    0.112898
          14    -6.43685    -6.06394    0.108417
          15    -6.44681    -6.08947     0.10415
          16    -6.52493    -6.11668    0.101135
          17    -6.46519    -6.13718    0.097241
          18    -6.53268    -6.15916   0.0942885
          19     -6.5256    -6.17844   0.0912771
          20    -6.50624    -6.19483   0.0881725
          21     -6.5559    -6.21203   0.0856338
          22    -6.52605     -6.2263   0.0829224
          23    -6.59558    -6.24235   0.0808566
          24    -6.57497    -6.25621   0.0786663
          25    -6.63098     -6.2712   0.0769347
          26    -6.68189      -6.287   0.0755797
          27      -6.628    -6.29963   0.0738282
          28    -6.68082    -6.31324   0.0724358
          29    -6.65151    -6.32491    0.070871
          30    -6.69641    -6.33729   0.0695821
          31    -6.60274    -6.34585   0.0678623
          32    -6.60474    -6.35394   0.0662221
          33    -6.65324    -6.36301   0.0648335
          34    -6.65759    -6.37168   0.0635029
          35    -6.67022    -6.38021   0.0622588
          36     -6.7249    -6.38978   0.0612612
          37    -6.68274     -6.3977    0.060115
          38       -6.69    -6.40539   0.0590231
          39    -6.71806    -6.41341   0.0580516
          40    -6.69409    -6.42043   0.0570228
          41     -6.6386    -6.42575   0.0558798
          42    -6.66521    -6.43145   0.0548394
          43    -6.59892    -6.43534   0.0537022
          44    -6.64526    -6.44012   0.0526932
          45    -6.66798    -6.44518   0.0517649
          46    -6.69422    -6.45059   0.0509219
          47    -6.60378    -6.45385   0.0499427
          48    -6.54579    -6.45577   0.0489389
          49    -6.63217    -6.45937   0.0480724
          50    -6.65738    -6.46333   0.0472738
