0.0345996 0 0
0.0576661 0 0
0.0807325 0 0
0.103799 0 0
0.126865 0 0
0.149932 0 0
0.172998 0 0
0.196065 0 0
0.219131 0 0
0.242198 0 0
0.265264 0 0
0.28833 0 0
0.311397 0 0
0.334463 0 0
0.35753 0 0
0.380596 0 0
0.403663 0 0
0.426729 0 0
0.449795 0 0
0.472862 0 0
0.495928 0 0
0.518995 0 0
0.542061 0 0
0.565128 0 0
0.588194 0 0
0.61126 0 0
0.634327 0 0
0.657393 0 0
0.68046 0 0
0.703526 0 0
0.726593 0 0
0.749659 0 0
0.772725 0 0
0.795792 0 0
0.818858 0 0
0.841925 0 0
0.864991 0 0
0.888058 0 0
0.911124 0.000167902 4.83527e-05
0.93419 0.00733351 0.000322067
0.957257 0.0690704 0.00108882
0.980323 0.300865 0.00254728
1.00339 0.7888 0.0038809
1.02646 1.39824 0.00396212
1.04952 1.88685 0.00404483
1.07259 2.08099 0.00485265
1.09566 1.99498 0.00525255
1.11872 1.70723 0.00501088
1.14179 1.36736 0.00415132
1.16485 1.03773 0.00313598
1.18792 0.755923 0.00240176
1.21099 0.541479 0.00205887
1.23405 0.399161 0.00180444
1.25712 0.292339 0.00172378
1.28019 0.226461 0.00167838
1.30325 0.183083 0.00158624
1.32632 0.158196 0.001449
1.34939 0.145409 0.00137933
1.37245 0.141555 0.00123065
1.39552 0.145128 0.00107641
1.41859 0.159165 0.001037
1.44165 0.179391 0.000961501
1.46472 0.205204 0.0010152
1.48778 0.23087 0.00115258
1.51085 0.263027 0.00134729
1.53392 0.288642 0.00143912
1.55698 0.305869 0.00147849
1.58005 0.31495 0.00138349
1.60312 0.314544 0.00122364
1.62618 0.305904 0.00110461
1.64925 0.297988 0.00117765
1.67232 0.291996 0.00142008
1.69538 0.300419 0.00170319
1.71845 0.3225 0.0018548
1.74152 0.377422 0.0019294
1.76458 0.458617 0.00167291
1.78765 0.563612 0.00144589
1.81071 0.677207 0.00156153
1.83378 0.779094 0.00216333
1.85685 0.853265 0.00274377
1.87991 0.881057 0.00291299
1.90298 0.857711 0.00269881
1.92605 0.799177 0.00219881
1.94911 0.719938 0.00165555
1.97218 0.640065 0.00141872
1.99525 0.577707 0.0016529
2.01831 0.539699 0.00195404
2.04138 0.524876 0.00208242
2.06445 0.529333 0.0019452
2.08751 0.549167 0.00164251
2.11058 0.567629 0.00143457
2.13364 0.573357 0.00127303
2.15671 0.562143 0.00123542
2.17978 0.532619 0.00120722
2.20284 0.487661 0.00113931
2.22591 0.424606 0.00097956
2.24898 0.373881 0.000925378
2.27204 0.338417 0.000907385
2.29511 0.316328 0.000915576
2.31818 0.307743 0.000886544
