           1     23.0525     23.0525           0
           2     17.5345     20.2935     1.95091
           3     16.5938     19.0603     1.64484
           4     16.3433      18.381      1.3667
           5     16.0066     17.9061     1.17296
           6     15.4428     17.4956     1.04686
           7     15.3238     17.1853     0.94216
           8     15.2272     16.9406    0.855595
           9     15.0469     16.7302    0.785973
          10     14.7962     16.5368    0.730781
          11      14.479     16.3497    0.687874
          12     14.6722     16.2099    0.644599
          13     14.1761     16.0535    0.613707
          14     13.9129     15.9006    0.588608
          15     13.8516      15.764    0.564996
          16      13.389     15.6155    0.548835
          17     13.7404     15.5052    0.527518
          18     13.3323     15.3845    0.511838
          19      13.404     15.2803      0.4954
          20     13.4972     15.1911    0.478585
          21     13.2024     15.0964     0.46507
          22     13.3669     15.0178    0.450526
          23       13.03     14.9314    0.439149
          24     13.1071     14.8554     0.42738
          25     12.7614     14.7716    0.418411
          26     12.5096     14.6846    0.411264
          27     12.7917     14.6145    0.401963
          28     12.5364     14.5403    0.394399
          29     12.6968     14.4767    0.385888
          30     12.4447      14.409    0.378923
          31     12.9257     14.3611    0.369709
          32     12.9063     14.3157     0.36094
          33     12.6603     14.2655     0.35347
          34     12.6207     14.2171    0.346369
          35     12.6052     14.1711     0.33952
          36     12.2492     14.1177     0.33426
          37     12.4874     14.0736    0.328117
          38     12.4543      14.031    0.322238
          39     12.2984     13.9866    0.317023
          40     12.3995     13.9469     0.31157
          41     12.7402     13.9175    0.305358
          42     12.5911     13.8859    0.299716
          43     12.9532     13.8642     0.29353
          44      12.675     13.8372      0.2881
          45     12.5266     13.8081    0.283166
          46      12.394     13.7773    0.278674
          47     12.9251     13.7592    0.273334
          48     13.2461     13.7485    0.267848
          49     12.7192     13.7275    0.263205
          50     12.5949     13.7048    0.258913
