1.6487
1.64411
1.63592
1.62361
1.60652
1.58379
1.55435
1.51701
1.47064
1.41428
1.34747
1.27071
1.18587
1.09638
1.00714
0.92384
0.851855
0.795198
0.755923
0.734007
0.727766
0.734421
0.750696
0.773268
0.799137
0.825814
0.851374
0.874487
0.894375
0.910721
0.923508
0.932914
0.939111
0.942183
0.942108
0.938849
0.932474
0.923259
0.911787
0.898948
0.885823
0.873611
0.86357
0.856845
0.854294
0.856211
0.862147
0.870995
0.881315
0.891695
0.900962
0.908293
0.913168
0.915383
0.915029
0.912527
0.908568
0.90405
0.89991
0.896933
0.89564
0.89618
0.89836
0.901745
0.905792
0.909952
0.913743
0.916768
0.918707
0.919301
0.918328
0.915631
0.911125
0.904876
0.897208
0.888729
0.880332
0.872945
0.86723
0.863365
0.861004
0.859541
0.858431
0.857317
0.855975
0.854185
0.851652
0.848125
0.843626
0.838559
0.833653
0.829767
0.827644
0.827727
0.830085
0.834435
0.840242
0.846855
0.853569
0.85969
1.65381
1.64772
1.63113
1.6045
1.56907
1.52704
1.48157
1.43634
1.39486
1.35966
1.33191
1.31163
1.29806
1.29013
1.28655
1.28603
1.28724
1.28899
1.29015
1.28989
1.28823
1.28649
1.28757
1.29511
1.31192
1.33823
1.37111
1.40541
1.43578
1.45826
1.47102
1.4744
1.47029
1.46156
1.45111
1.44128
1.43341
1.42786
1.42421
1.4215
1.41848
1.41394
1.40702
1.39752
1.38598
1.37346
1.36109
1.34969
1.33964
1.33116
1.32466
1.32079
1.32002
1.32234
1.32734
1.33454
1.34351
1.35387
1.36492
1.37563
1.38463
1.39039
1.3915
1.38708
1.37703
1.36236
1.34526
1.32884
1.31629
1.30953
1.30812
1.30951
1.31057
1.30906
1.30415
1.29599
1.28499
1.2714
1.25532
1.23707
1.2177
1.19928
1.18474
1.17717
1.17843
1.18793
1.20244
1.2174
1.22878
1.23461
1.23513
1.23206
1.22756
1.22366
1.22214
1.22437
1.23097
1.24165
1.25546
1.27133
1.66753
1.68171
1.69171
1.69846
1.70341
1.70819
1.71388
1.72044
1.72675
1.73137
1.73335
1.73244
1.72888
1.72287
1.71411
1.70151
1.68336
1.65795
1.62445
1.58408
1.5404
1.4984
1.46256
1.43562
1.41892
1.41296
1.41687
1.42759
1.44015
1.4494
1.4519
1.44698
1.43686
1.42576
1.41859
1.41942
1.43031
1.45066
1.47758
1.5071
1.53569
1.56107
1.58242
1.59994
1.61394
1.62437
1.63064
1.63195
1.62796
1.6192
1.60723
1.59435
1.58288
1.57458
1.57022
1.56971
1.57241
1.57731
1.58315
1.58862
1.59272
1.59491
1.59525
1.59417
1.59226
1.59024
1.58889
1.58905
1.59128
1.59537
1.6004
1.60522
1.6091
1.61189
1.61393
1.61575
1.61797
1.62109
1.62544
1.63113
1.63806
1.64606
1.655
1.66491
1.67582
1.6876
1.69969
1.71107
1.72043
1.72652
1.72849
1.72634
1.72096
1.71371
1.70567
1.69702
1.68685
1.67397
1.6576
1.63797
1.63024
1.6099
1.59246
1.57989
1.57296
1.57126
1.57392
1.57983
1.5872
1.59338
1.59555
1.59174
1.58152
1.56609
1.54793
1.53023
1.51591
1.50684
1.50348
1.50531
1.51111
1.51897
1.52639
1.5309
1.53103
1.52718
1.52174
1.51821
1.51959
1.52682
1.53829
1.55089
1.56165
1.56881
1.57223
1.573
1.57287
1.57364
1.57641
1.58108
1.58638
1.59074
1.59365
1.59687
1.60437
1.6198
1.64296
1.66889
1.69101
1.70511
1.71079
1.71066
1.7086
1.7078
1.70932
1.71168
1.71168
1.70588
1.69192
1.66928
1.63943
1.6054
1.57107
1.54024
1.51594
1.49989
1.49242
1.49274
1.49925
1.50977
1.52182
1.53304
1.54153
1.54601
1.5458
1.54104
1.53272
1.52264
1.51306
1.50594
1.5021
1.501
1.50109
1.5008
1.49928
1.49668
1.49388
1.49207
1.49241
1.49598
1.50349
1.5151
1.53019
1.54766
1.56635
1.58553
1.60498
1.62473
1.64406
1.66085
1.66038
1.66252
1.65436
1.6367
1.61233
1.58523
1.55947
1.53824
1.52321
1.51442
1.51065
1.50999
1.51032
1.50988
1.50759
1.50319
1.49717
1.49051
1.48431
1.47964
1.4772
1.47731
1.47985
1.48456
1.49119
1.49955
1.50947
1.52045
1.5314
1.54066
1.54634
1.54708
1.54279
1.53495
1.5265
1.52103
1.52171
1.53014
1.54578
1.56614
1.58772
1.60708
1.62163
1.62979
1.63095
1.62518
1.61312
1.59588
1.57492
1.55215
1.52985
1.5105
1.49659
1.49006
1.49178
1.50111
1.51604
1.53353
1.55001
1.56211
1.56726
1.56414
1.55294
1.53535
1.51427
1.49335
1.47622
1.46586
1.46374
1.46946
1.48079
1.49429
1.50619
1.51352
1.51487
1.51056
1.5021
1.49157
1.48101
1.4724
1.46782
1.46914
1.477
1.48996
1.50439
1.51569
1.51999
1.51578
1.50488
1.49212
1.48354
1.48357
1.49293
1.50858
1.52566
1.54019
1.55072
1.55758
1.56121
1.5613
1.64585
1.63577
1.6205
1.60157
1.58137
1.56323
1.551
1.54726
1.55123
1.55867
1.56465
1.56681
1.56644
1.5676
1.5748
1.59048
1.61356
1.63958
1.66256
1.67714
1.68001
1.6705
1.65057
1.62427
1.59701
1.57446
1.5614
1.56023
1.56995
1.5864
1.60418
1.61896
1.62864
1.63319
1.63368
1.63123
1.62649
1.61982
1.61152
1.60205
1.59214
1.58258
1.5742
1.56772
1.56378
1.56292
1.56557
1.57184
1.5813
1.59303
1.60593
1.6192
1.63258
1.64624
1.6601
1.67338
1.6843
1.69069
1.69075
1.68375
1.67021
1.65172
1.63055
1.60922
1.59009
1.5749
1.56428
1.55784
1.55484
1.55473
1.55709
1.56126
1.56595
1.5693
1.56913
1.5636
1.55179
1.53455
1.51511
1.49871
1.49058
1.49318
1.5046
1.51953
1.53219
1.53907
1.54011
1.53787
1.53549
1.53517
1.53798
1.54434
1.5544
1.56793
1.58435
1.60283
1.62263
1.64337
1.66492
1.68689
