-6.36314
-6.35821
-6.34963
-6.33657
-6.31791
-6.29244
-6.2609
-6.21894
-6.16874
-6.10817
-6.03806
-5.95872
-5.87217
-5.78065
-5.69204
-5.6101
-5.5398
-5.48452
-5.44731
-5.42797
-5.42331
-5.43259
-5.44949
-5.47313
-5.49918
-5.52628
-5.55119
-5.57537
-5.59431
-5.6109
-5.62379
-5.63241
-5.63784
-5.6409
-5.64172
-5.6383
-5.63086
-5.62124
-5.60959
-5.59621
-5.58313
-5.57168
-5.56177
-5.55618
-5.55423
-5.55552
-5.56287
-5.57148
-5.58186
-5.59263
-5.6025
-5.61035
-5.61557
-5.61707
-5.61602
-5.61379
-5.61034
-5.60536
-5.60131
-5.59848
-5.59752
-5.59793
-5.60026
-5.60358
-5.60721
-5.61106
-5.61448
-5.61726
-5.61953
-5.61998
-5.61854
-5.61566
-5.61143
-5.60517
-5.59708
-5.58902
-5.58084
-5.57329
-5.56837
-5.56452
-5.56258
-5.56103
-5.55978
-5.5588
-5.55758
-5.55633
-5.55295
-5.54887
-5.54489
-5.53935
-5.5339
-5.52956
-5.52749
-5.52781
-5.53114
-5.53581
-5.54112
-5.54733
-5.55431
-5.56019
-5.56292
-5.55608
-5.53906
-5.51254
-5.47633
-5.43335
-5.38758
-5.34243
-5.30193
-5.26789
-5.24076
-5.22149
-5.2093
-5.20186
-5.19865
-5.1979
-5.19938
-5.20188
-5.20291
-5.2022
-5.20044
-5.19852
-5.19963
-5.2071
-5.22536
-5.25236
-5.28593
-5.32097
-5.35237
-5.37316
-5.38449
-5.38655
-5.38184
-5.37327
-5.36339
-5.35371
-5.34576
-5.34029
-5.33694
-5.33456
-5.33098
-5.32684
-5.31845
-5.30795
-5.29626
-5.28371
-5.27186
-5.26134
-5.24902
-5.24102
-5.2346
-5.23253
-5.23207
-5.23559
-5.24023
-5.24596
-5.25419
-5.2648
-5.27587
-5.28603
-5.29386
-5.29937
-5.29996
-5.29481
-5.28423
-5.2695
-5.25307
-5.2369
-5.22518
-5.21962
-5.21878
-5.22089
-5.22222
-5.22009
-5.21438
-5.20577
-5.19616
-5.18201
-5.16569
-5.14833
-5.12819
-5.10971
-5.09543
-5.08838
-5.09115
-5.10103
-5.11581
-5.12996
-5.14068
-5.14563
-5.14571
-5.14088
-5.1359
-5.13201
-5.13036
-5.13331
-5.14186
-5.15169
-5.16651
-5.18178
-5.20177
-5.21551
-5.22408
-5.23103
-5.23559
-5.24148
-5.24683
-5.25267
-5.25902
-5.2622
-5.26405
-5.26406
-5.26085
-5.25551
-5.24672
-5.23471
-5.21606
-5.18955
-5.15512
-5.11376
-5.06927
-5.02891
-4.99417
-4.96775
-4.95257
-4.94646
-4.95138
-4.96253
-4.97437
-4.98367
-4.98465
-4.97922
-4.96803
-4.9565
-4.94891
-4.95039
-4.9623
-4.98271
-5.01098
-5.04101
-5.06936
-5.09419
-5.1147
-5.1323
-5.14641
-5.156
-5.16196
-5.16275
-5.15885
-5.14907
-5.13645
-5.12346
-5.11193
-5.10477
-5.10065
-5.0993
-5.10227
-5.10747
-5.11378
-5.11901
-5.12368
-5.12568
-5.12675
-5.12647
-5.12467
-5.12207
-5.12084
-5.12104
-5.12272
-5.12681
-5.13247
-5.13662
-5.14069
-5.14338
-5.14522
-5.14705
-5.14828
-5.15212
-5.1566
-5.16257
-5.16962
-5.17726
-5.18645
-5.19691
-5.20822
-5.22127
-5.23365
-5.24459
-5.25398
-5.26059
-5.26273
-5.25991
-5.25548
-5.24842
-5.23958
-5.23128
-5.22074
-5.20723
-5.19066
-5.17122
-5.14824
-5.12854
-5.11121
-5.10025
-5.09236
-5.09174
-5.09464
-5.10064
-5.10787
-5.11347
-5.11511
-5.11034
-5.09967
-5.08354
-5.06543
-5.04719
-5.03379
-5.02574
-5.02249
-5.02448
-5.03012
-5.03715
-5.04409
-5.04925
-5.04803
-5.04358
-5.03877
-5.03502
-5.03668
-5.04384
-5.05633
-5.06932
-5.07992
-5.0879
-5.0916
-5.09234
-5.09192
-5.0927
-5.09614
-5.1014
-5.10652
-5.10998
-5.11324
-5.11654
-5.12455
-5.1407
-5.16367
-5.1895
-5.21201
-5.22537
-5.23092
-5.23087
-5.22851
-5.22674
-5.2286
-5.23179
-5.23196
-5.22618
-5.21074
-5.18744
-5.15731
-5.12277
-5.08876
-5.05802
-5.03313
-5.01703
-5.01009
-5.01082
-5.01905
-5.02968
-5.04281
-5.05428
-5.06197
-5.06539
-5.0638
-5.05817
-5.05124
-5.04111
-5.0311
-5.02413
-5.02062
-5.01896
-5.01878
-5.01898
-5.01673
-5.01285
-5.01055
-5.00846
-5.00892
-5.01376
-5.02215
-5.03368
-5.04907
-5.06671
-5.08699
-5.10513
-5.12462
-5.14377
-5.16221
-5.17783
-5.18874
-5.19124
-5.1825
-5.16371
-5.13843
-5.11007
-5.08388
-5.06368
-5.049
-5.04032
-5.03742
-5.03695
-5.03742
-5.03698
-5.03554
-5.03139
-5.02617
-5.0198
-5.01342
-5.0094
-5.00751
-5.00741
-5.01033
-5.01495
-5.0213
-5.02983
-5.03898
-5.04957
-5.06194
-5.07169
-5.07722
-5.07743
-5.07178
-5.06343
-5.05572
-5.05074
-5.05215
-5.06196
-5.07731
-5.09796
-5.11856
-5.13693
-5.15105
-5.15868
-5.15883
-5.15269
-5.13946
-5.12086
-5.09947
-5.07665
-5.05497
-5.03636
-5.02357
-5.0177
-5.02053
-5.03069
-5.04588
-5.06373
-5.07977
-5.09112
-5.09458
-5.09091
-5.07913
-5.06119
-5.03996
-5.0194
-5.00359
-4.99356
-4.99167
-4.99913
-5.011
-5.02466
-5.03652
-5.04404
-5.04449
-5.03907
-5.0294
-5.01787
-5.00817
-4.99971
-4.9952
-4.99823
-5.00625
-5.02091
-5.03539
-5.04584
-5.04931
-5.04384
-5.03189
-5.01957
-5.0114
-5.01164
-5.02228
-5.0383
-5.05436
-5.06807
-5.07865
-5.08608
-5.08983
-5.08953
-5.08415
-5.07381
-5.05839
-5.03936
-5.01966
-5.00239
-4.99138
-4.98851
-4.99262
-4.9992
-5.00515
-5.00649
-5.00651
-5.00884
-5.01713
-5.03276
-5.05592
-5.08177
-5.10443
-5.11765
-5.12002
-5.11009
-5.08931
-5.06372
-5.03607
-5.01443
-5.00235
-5.00282
-5.01375
-5.03072
-5.04716
-5.06209
-5.07153
-5.07562
-5.07608
-5.07382
-5.06842
-5.06113
-5.05207
-5.04298
-5.03277
-5.02284
-5.01507
-5.00897
-5.0044
-5.00327
-5.00735
-5.01426
-5.024
-5.0359
-5.04962
-5.06245
-5.07509
-5.08802
-5.10188
-5.11487
-5.12573
-5.13156
-5.13002
-5.12051
-5.10745
-5.08812
-5.06682
-5.04561
-5.02711
-5.01207
-5.0025
-4.99568
-4.9933
-4.99391
-4.99709
-5.00214
-5.00664
-5.00943
-5.0085
-5.00281
-4.99129
-4.97409
-4.9544
-4.93861
-4.93227
-4.93651
-4.94871
-4.96396
-4.9766
-4.98254
-4.98311
-4.98132
-4.97937
-4.97918
-4.98218
-4.98891
-4.99888
-5.01213
-5.02773
-5.04547
-5.06492
-5.0859
-5.10767
-5.13008
