1.09913
1.09608
1.09061
1.08241
1.07102
1.05586
1.03623
1.01134
0.980428
0.942851
0.898313
0.847141
0.790579
0.730919
0.671424
0.615894
0.567903
0.530132
0.503949
0.489338
0.485177
0.489614
0.500464
0.515512
0.532758
0.550542
0.567583
0.582991
0.59625
0.607147
0.615672
0.621943
0.626074
0.628122
0.628072
0.6259
0.621649
0.615506
0.607858
0.599299
0.590549
0.582407
0.575714
0.57123
0.569529
0.570807
0.574765
0.580663
0.587544
0.594463
0.600641
0.605529
0.608778
0.610256
0.610019
0.608351
0.605712
0.6027
0.59994
0.597955
0.597093
0.597453
0.598906
0.601163
0.603861
0.606635
0.609162
0.611179
0.612471
0.612868
0.612218
0.610421
0.607417
0.603251
0.598139
0.592486
0.586888
0.581963
0.578153
0.575577
0.574003
0.573027
0.572287
0.571545
0.57065
0.569456
0.567768
0.565416
0.562417
0.559039
0.555768
0.553178
0.551763
0.551818
0.55339
0.55629
0.560161
0.56457
0.569046
0.573127
1.10254
1.09848
1.08742
1.06967
1.04605
1.01803
0.987713
0.957562
0.929909
0.906438
0.887942
0.874417
0.865376
0.860086
0.857702
0.85735
0.85816
0.85933
0.860097
0.859929
0.858818
0.857657
0.858377
0.863407
0.874615
0.892156
0.914071
0.93694
0.95719
0.972173
0.980682
0.982931
0.980196
0.974373
0.967407
0.96085
0.955604
0.951905
0.949475
0.947669
0.945656
0.942627
0.938015
0.93168
0.923987
0.915643
0.907395
0.899793
0.893096
0.887443
0.88311
0.880529
0.880012
0.881558
0.884895
0.889691
0.895677
0.902578
0.909944
0.917088
0.923087
0.926927
0.927669
0.924721
0.91802
0.908241
0.896839
0.885891
0.877524
0.873019
0.872078
0.873008
0.873714
0.87271
0.869437
0.863995
0.856663
0.847599
0.836879
0.824715
0.811803
0.79952
0.789825
0.784777
0.785619
0.79195
0.801628
0.811601
0.819184
0.82307
0.823422
0.821374
0.81837
0.815775
0.81476
0.816244
0.820645
0.827765
0.83697
0.847551
1.11169
1.12114
1.12781
1.13231
1.13561
1.1388
1.14259
1.14696
1.15116
1.15425
1.15557
1.15496
1.15258
1.14858
1.14274
1.13434
1.12224
1.1053
1.08297
1.05605
1.02694
0.998936
0.975041
0.957078
0.945946
0.941973
0.944578
0.951724
0.9601
0.966267
0.967931
0.964656
0.957907
0.950505
0.945724
0.946278
0.953537
0.967105
0.985051
1.00474
1.02379
1.04071
1.05495
1.06663
1.07596
1.08291
1.08709
1.08797
1.08531
1.07947
1.07149
1.0629
1.05525
1.04972
1.04681
1.04647
1.04827
1.05154
1.05543
1.05908
1.06181
1.06327
1.0635
1.06278
1.06151
1.06016
1.05926
1.05937
1.06085
1.06358
1.06693
1.07015
1.07273
1.07459
1.07595
1.07717
1.07864
1.08072
1.08363
1.08742
1.09204
1.09737
1.10334
1.10994
1.11721
1.12507
1.13313
1.14071
1.14696
1.15101
1.15233
1.1509
1.14731
1.14247
1.13712
1.13134
1.12457
1.11598
1.10506
1.09198
1.08683
1.07327
1.06164
1.05326
1.04864
1.0475
1.04928
1.05322
1.05814
1.06226
1.0637
1.06116
1.05434
1.04406
1.03195
1.02015
1.01061
1.00456
1.00232
1.00354
1.0074
1.01265
1.0176
1.0206
1.02069
1.01812
1.01449
1.01214
1.01306
1.01788
1.02553
1.03393
1.0411
1.04588
1.04816
1.04867
1.04858
1.04909
1.05094
1.05405
1.05758
1.06049
1.06243
1.06458
1.06958
1.07987
1.09531
1.11259
1.12734
1.13674
1.14053
1.14044
1.13906
1.13853
1.13955
1.14112
1.14112
1.13725
1.12794
1.11286
1.09295
1.07027
1.04738
1.02683
1.01063
0.999925
0.994944
0.995162
0.999501
1.00652
1.01455
1.02203
1.02769
1.03067
1.03053
1.02736
1.02181
1.01509
1.00871
1.00396
1.0014
1.00067
1.00073
1.00053
0.999517
0.997784
0.995921
0.994715
0.994942
0.997317
1.00233
1.01006
1.02012
1.03177
1.04423
1.05702
1.06999
1.08315
1.09604
1.10723
1.10692
1.10835
1.1029
1.09113
1.07489
1.05682
1.03964
1.02549
1.01548
1.00961
1.0071
1.00666
1.00688
1.00658
1.00506
1.00212
0.998114
0.99367
0.989542
0.986426
0.984802
0.984871
0.986565
0.989708
0.994125
0.999703
1.00631
1.01363
1.02094
1.02711
1.03089
1.03139
1.02852
1.0233
1.01767
1.01402
1.01447
1.02009
1.03052
1.0441
1.05848
1.07139
1.08109
1.08653
1.0873
1.08345
1.07542
1.06392
1.04995
1.03477
1.0199
1.007
0.997724
0.993375
0.994519
1.00074
1.0107
1.02235
1.03334
1.04141
1.04484
1.04276
1.03529
1.02357
1.00952
0.995565
0.984147
0.977241
0.975829
0.979639
0.98719
0.996191
1.00413
1.00901
1.00992
1.00704
1.0014
0.994378
0.98734
0.981597
0.97855
0.979425
0.984669
0.993304
1.00292
1.01046
1.01333
1.01052
1.00326
0.994744
0.989024
0.989044
0.995286
1.00572
1.01711
1.0268
1.03381
1.03839
1.0408
1.04087
1.09723
1.09051
1.08033
1.06771
1.05425
1.04216
1.034
1.0315
1.03415
1.03911
1.0431
1.04454
1.0443
1.04507
1.04986
1.06032
1.0757
1.09305
1.10837
1.1181
1.12001
1.11367
1.10038
1.08285
1.06468
1.04964
1.04094
1.04015
1.04664
1.0576
1.06946
1.07931
1.08576
1.08879
1.08912
1.08748
1.08433
1.07988
1.07434
1.06804
1.06143
1.05506
1.04947
1.04515
1.04252
1.04194
1.04372
1.04789
1.0542
1.06202
1.07062
1.07947
1.08839
1.09749
1.10673
1.11559
1.12286
1.12712
1.12717
1.1225
1.11348
1.10115
1.08703
1.07281
1.06006
1.04994
1.04285
1.03856
1.03656
1.03649
1.03806
1.04084
1.04397
1.0462
1.04609
1.0424
1.03453
1.02303
1.01007
0.999142
0.993721
0.995455
1.00307
1.01302
1.02146
1.02604
1.02674
1.02525
1.02366
1.02345
1.02532
1.02956
1.03627
1.04529
1.05623
1.06855
1.08176
1.09558
1.10995
1.12459
