-4.71444
-4.7141
-4.71371
-4.71296
-4.71139
-4.70865
-4.70656
-4.70193
-4.6981
-4.69389
-4.69059
-4.68801
-4.6863
-4.68427
-4.68491
-4.68626
-4.68794
-4.68932
-4.69139
-4.69396
-4.69554
-4.69817
-4.6988
-4.69986
-4.70004
-4.70046
-4.69982
-4.70088
-4.69993
-4.70018
-4.70028
-4.6995
-4.69873
-4.69872
-4.69961
-4.69945
-4.69839
-4.69798
-4.6978
-4.69727
-4.6973
-4.69807
-4.6982
-4.69934
-4.69993
-4.69931
-4.70072
-4.70048
-4.70055
-4.70094
-4.70153
-4.70206
-4.7024
-4.70168
-4.70099
-4.70126
-4.70177
-4.70131
-4.7014
-4.70154
-4.70188
-4.70175
-4.7019
-4.70184
-4.70142
-4.7011
-4.70074
-4.70049
-4.70082
-4.70068
-4.70021
-4.70003
-4.7003
-4.70029
-4.69988
-4.70029
-4.70051
-4.70035
-4.70114
-4.70116
-4.70158
-4.70149
-4.70135
-4.70149
-4.7016
-4.70215
-4.7013
-4.70074
-4.70127
-4.70079
-4.70025
-4.69979
-4.69985
-4.70008
-4.70105
-4.70138
-4.70088
-4.70047
-4.70075
-4.7005
-3.90911
-3.90836
-3.90793
-3.90804
-3.90726
-3.90631
-3.90601
-3.90608
-3.90707
-3.90824
-3.90885
-3.90987
-3.91124
-3.91173
-3.9121
-3.91188
-3.91214
-3.91288
-3.91277
-3.91231
-3.91221
-3.91204
-3.91207
-3.91199
-3.91343
-3.91412
-3.91482
-3.91556
-3.91658
-3.9149
-3.91346
-3.91215
-3.91155
-3.91171
-3.91228
-3.91243
-3.91236
-3.91243
-3.91272
-3.91305
-3.9125
-3.9129
-3.91143
-3.91043
-3.91028
-3.91025
-3.91077
-3.91165
-3.90938
-3.90985
-3.90993
-3.91174
-3.91206
-3.91325
-3.91289
-3.91142
-3.91068
-3.91093
-3.91095
-3.9104
-3.90923
-3.90898
-3.90845
-3.90773
-3.9072
-3.90714
-3.90781
-3.90806
-3.90889
-3.91009
-3.91067
-3.91137
-3.91165
-3.91102
-3.91023
-3.90978
-3.91117
-3.91062
-3.91038
-3.91126
-3.91049
-3.91043
-3.91069
-3.91122
-3.91272
-3.91311
-3.91337
-3.91256
-3.9119
-3.91103
-3.91058
-3.90882
-3.90834
-3.90835
-3.90822
-3.90895
-3.91089
-3.91005
-3.91106
-3.91045
-3.53424
-3.5338
-3.53237
-3.53256
-3.53218
-3.53329
-3.53294
-3.53223
-3.53227
-3.53083
-3.53069
-3.53162
-3.53198
-3.53263
-3.53261
-3.5332
-3.5327
-3.5316
-3.53067
-3.52969
-3.52886
-3.53051
-3.5316
-3.53213
-3.53365
-3.5335
-3.53451
-3.53494
-3.53422
-3.53427
-3.53275
-3.53224
-3.53117
-3.53074
-3.53032
-3.53097
-3.53199
-3.53205
-3.5334
-3.53391
-3.53367
-3.53313
-3.53227
-3.53236
-3.53247
-3.53164
-3.53133
-3.5308
-3.53088
-3.52987
-3.52922
-3.5291
-3.52905
-3.53019
-3.53043
-3.52958
-3.52986
-3.53016
-3.53063
-3.53039
-3.53097
-3.53077
-3.53151
-3.5323
-3.53241
-3.53183
-3.53195
-3.53199
-3.53145
-3.53144
-3.53207
-3.5314
-3.53159
-3.53149
-3.53129
-3.5313
-3.53031
-3.53103
-3.53116
-3.53144
-3.53156
-3.5312
-3.53145
-3.532
-3.5324
-3.53368
-3.53396
-3.53352
-3.53355
-3.53407
-3.53425
-3.53357
-3.53452
-3.53471
-3.53391
-3.53426
-3.53389
-3.53326
-3.53306
-3.53324
-3.518
-3.51864
-3.51875
-3.52036
-3.5194
-3.52048
-3.52072
-3.52081
-3.52067
-3.52009
-3.51956
-3.51861
-3.51816
-3.51745
-3.5175
-3.51696
-3.51788
-3.5189
-3.519
-3.51916
-3.51902
-3.51819
-3.5177
-3.51836
-3.517
-3.5164
-3.51703
-3.5168
-3.51709
-3.51702
-3.51804
-3.51843
-3.51827
-3.51909
-3.51936
-3.51934
-3.51905
-3.51906
-3.51973
-3.52032
-3.52014
-3.51924
-3.51959
-3.51967
-3.52018
-3.5209
-3.52071
-3.52061
-3.521
-3.52027
-3.52013
-3.52021
-3.51992
-3.51894
-3.51927
-3.52011
-3.52028
-3.5203
-3.51882
-3.51815
-3.51788
-3.51736
-3.5177
-3.51778
-3.51719
-3.51714
-3.51767
-3.51808
-3.51979
-3.51991
-3.52099
-3.52124
-3.52044
-3.51938
-3.518
-3.51713
-3.51852
-3.51847
-3.51803
-3.5182
-3.51852
-3.51796
-3.51768
-3.51819
-3.51745
-3.51618
-3.51667
-3.51638
-3.51651
-3.51778
-3.51865
-3.51859
-3.51888
-3.51905
-3.52063
-3.51961
-3.51964
-3.51904
-3.51816
-3.51698
-3.52836
-3.52871
-3.52814
-3.52701
-3.52609
-3.52484
-3.52442
-3.52544
-3.52578
-3.52591
-3.52676
-3.52696
-3.5271
-3.52711
-3.52795
-3.52821
-3.529
-3.5293
-3.5291
-3.52976
-3.53031
-3.5301
-3.53049
-3.53039
-3.53011
-3.53028
-3.52951
-3.52912
-3.53054
-3.53102
-3.53088
-3.53035
-3.529
-3.52848
-3.52922
-3.5297
-3.53044
-3.53183
-3.53153
-3.53182
-3.53084
-3.52985
-3.52942
-3.52888
-3.52787
-3.52751
-3.52633
-3.52498
-3.52456
-3.52449
-3.52513
-3.52586
-3.52698
-3.52764
-3.52875
-3.52958
-3.52984
-3.5302
-3.52976
-3.52901
-3.52731
-3.52677
-3.52619
-3.52584
-3.52568
-3.52605
-3.52737
-3.5277
-3.52793
-3.52968
-3.53021
-3.53037
-3.53033
-3.53053
-3.52961
-3.52851
-3.5273
-3.5263
-3.52716
-3.52732
-3.52738
-3.52909
-3.52925
-3.53095
-3.531
-3.53015
-3.52932
-3.52806
-3.527
-3.52745
-3.52786
-3.52808
-3.52935
-3.52972
-3.5287
-3.52787
-3.52793
-3.5285
-3.52863
-3.52824
-3.4383
-3.43804
-3.43789
-3.43779
-3.43829
-3.43916
-3.44038
-3.44126
-3.44138
-3.44053
-3.4405
-3.43968
-3.44007
-3.44124
-3.44233
-3.44227
-3.44236
-3.44219
-3.44187
-3.4405
-3.44
-3.43959
-3.43874
-3.43944
-3.43905
-3.43996
-3.44094
-3.44259
-3.44379
-3.44432
-3.44298
-3.44313
-3.44289
-3.44243
-3.44239
-3.44259
-3.44194
-3.4413
-3.44056
-3.44093
-3.44063
-3.44025
-3.44087
-3.44124
-3.44062
-3.44035
-3.44178
-3.44242
-3.4427
-3.44287
-3.44369
-3.44325
-3.44251
-3.44179
-3.44178
-3.44149
-3.44143
-3.44087
-3.43927
-3.43676
-3.43724
-3.4364
-3.43627
-3.43639
-3.43702
-3.43717
-3.43822
-3.43785
-3.43846
-3.43918
-3.44
-3.44088
-3.44069
-3.44013
-3.43937
-3.43921
-3.4395
-3.43955
-3.43929
-3.4399
-3.44168
-3.44333
-3.44411
-3.44443
-3.44441
-3.44347
-3.443
-3.44345
-3.44388
-3.44401
-3.4442
-3.44457
-3.44448
-3.4442
-3.44338
-3.44264
-3.44229
-3.44253
-3.44275
-3.44319
