0 -0.790977 0.00347194
1 -0.791096 0.00333453
2 -0.790521 0.00327201
3 -0.79067 0.00343876
4 -0.791423 0.00342886
5 -0.791689 0.00340235
6 -0.791254 0.00326399
7 -0.791652 0.0034133
8 -0.791604 0.00348012
9 -0.79143 0.00355269
10 -0.792046 0.00375715
11 -0.791713 0.00372563
12 -0.791909 0.00337948
13 -0.792066 0.00331359
14 -0.792947 0.00325234
15 -0.793301 0.00321271
16 -0.793719 0.0031346
17 -0.794082 0.00313722
18 -0.793662 0.00305604
19 -0.793034 0.0032771
20 -0.793717 0.003212
21 -0.793264 0.00339874
22 -0.793264 0.0032431
23 -0.79394 0.00333725
24 -0.793517 0.00342731
25 -0.793243 0.00351117
26 -0.793073 0.00344859
27 -0.793071 0.00340552
28 -0.792858 0.0033101
29 -0.792561 0.00313079
30 -0.792769 0.00332661
31 -0.792624 0.0033836
32 -0.793185 0.00358567
33 -0.792805 0.00351431
34 -0.793007 0.00354657
35 -0.792121 0.00342315
36 -0.791386 0.00349392
37 -0.79058 0.00333595
38 -0.790349 0.0030811
39 -0.790201 0.00309102
40 -0.79102 0.00314843
41 -0.790618 0.00315875
42 -0.791668 0.00315277
43 -0.791974 0.00328254
44 -0.791974 0.00331602
45 -0.791125 0.00303075
46 -0.791392 0.00319476
47 -0.791988 0.00321218
48 -0.791654 0.00327908
49 -0.79219 0.0031678
50 -0.792575 0.00337796
51 -0.792168 0.0032008
52 -0.792701 0.00313566
53 -0.793306 0.00310895
54 -0.792982 0.00308364
55 -0.793067 0.00309531
56 -0.79359 0.00301326
57 -0.793486 0.00295242
58 -0.793475 0.00295645
59 -0.794681 0.00291803
60 -0.794645 0.00287591
61 -0.794502 0.00286005
62 -0.794429 0.00309479
63 -0.794131 0.00306465
64 -0.794311 0.00316782
65 -0.794657 0.00300596
66 -0.794763 0.00279529
67 -0.794556 0.00295893
68 -0.794201 0.00306618
69 -0.794215 0.00325734
70 -0.794028 0.00325264
71 -0.793598 0.00313248
72 -0.793473 0.00320445
73 -0.793912 0.00318576
74 -0.793873 0.0033741
75 -0.794181 0.00319157
76 -0.794673 0.0032149
77 -0.793795 0.00329931
78 -0.794185 0.00336477
79 -0.794224 0.00351161
80 -0.794607 0.00341025
81 -0.794121 0.00344212
82 -0.794254 0.00365426
83 -0.794145 0.00352145
84 -0.794629 0.0035567
85 -0.794951 0.00351823
86 -0.794322 0.00360763
87 -0.793745 0.00350062
88 -0.792978 0.00352058
89 -0.793186 0.0034944
90 -0.792836 0.00349322
91 -0.792673 0.00352517
92 -0.792524 0.00374722
93 -0.792455 0.00369651
94 -0.792227 0.00358728
95 -0.792368 0.00376097
96 -0.792884 0.00370218
97 -0.792669 0.00365584
98 -0.792534 0.0037148
99 -0.792401 0.00388296
100 -0.792602 0.00392325
101 -0.792715 0.00384639
102 -0.792421 0.0038244
103 -0.792553 0.00377635
104 -0.791809 0.00361961
105 -0.791559 0.00365046
106 -0.791779 0.00369152
107 -0.791769 0.00374042
108 -0.790865 0.00358148
109 -0.791455 0.00344075
110 -0.792062 0.00340218
111 -0.792071 0.0033942
112 -0.792539 0.00330378
113 -0.792599 0.00322865
114 -0.792827 0.00315961
115 -0.792929 0.00310517
116 -0.793192 0.00292013
117 -0.793644 0.00295381
118 -0.793154 0.0030473
119 -0.793545 0.00310732
120 -0.793628 0.00320978
121 -0.794248 0.00333948
122 -0.793398 0.00320304
123 -0.793666 0.00316047
124 -0.794175 0.00309254
125 -0.793803 0.00313023
126 -0.793662 0.00325823
127 -0.793186 0.00325239
128 -0.793161 0.00333686
129 -0.793414 0.00331554
130 -0.794424 0.00328735
131 -0.794341 0.00340159
132 -0.794249 0.00337765
133 -0.794492 0.00334343
134 -0.794225 0.00334468
135 -0.794015 0.00339359
136 -0.794281 0.00347951
137 -0.794049 0.00335302
138 -0.794116 0.00340647
139 -0.794836 0.00327982
140 -0.795457 0.00317479
141 -0.795704 0.00318145
142 -0.79532 0.00324847
143 -0.795799 0.00330636
144 -0.795804 0.00306028
145 -0.795756 0.00305151
146 -0.795695 0.00304669
147 -0.795766 0.00295963
148 -0.796009 0.00286352
149 -0.796453 0.00304651
150 -0.797478 0.00324199
151 -0.79746 0.00329919
152 -0.797893 0.00334284
153 -0.797566 0.00322784
154 -0.797126 0.00329945
155 -0.796666 0.0032179
156 -0.79591 0.0032815
157 -0.795909 0.00321014
158 -0.795495 0.00318974
159 -0.795546 0.0031058
160 -0.795256 0.00301556
161 -0.794814 0.00303907
162 -0.795324 0.00293821
163 -0.795779 0.00293461
164 -0.795216 0.00294874
165 -0.795765 0.00317115
166 -0.795942 0.0031534
167 -0.796282 0.00322845
168 -0.795889 0.00325268
169 -0.795409 0.00318224
170 -0.796442 0.00324911
171 -0.796979 0.00312816
172 -0.797375 0.00314262
173 -0.796879 0.00319358
174 -0.796981 0.00327135
175 -0.797545 0.00330553
176 -0.797777 0.00323736
177 -0.797774 0.00323535
178 -0.797169 0.00327639
179 -0.797298 0.0031395
180 -0.797268 0.00290999
181 -0.797463 0.00288268
182 -0.7976 0.00290605
183 -0.797732 0.00288774
184 -0.798049 0.0028621
185 -0.797478 0.00284759
186 -0.797222 0.00297671
187 -0.797323 0.00295164
188 -0.796696 0.00283586
189 -0.797103 0.0027514
190 -0.796308 0.00277925
191 -0.797027 0.00278266
192 -0.796767 0.00275286
193 -0.796933 0.00283708
194 -0.797128 0.00291822
195 -0.797114 0.00306192
196 -0.797773 0.00309631
197 -0.797662 0.00305557
198 -0.797511 0.00302051
199 -0.797425 0.0029564
200 -0.797747 0.00297844
201 -0.798033 0.00293431
202 -0.797997 0.00292174
203 -0.797561 0.00302832
204 -0.796994 0.00296372
205 -0.796637 0.00298972
206 -0.796442 0.00311328
207 -0.79616 0.00312287
208 -0.795316 0.00323439
209 -0.7955 0.00332622
210 -0.795246 0.0032848
211 -0.795123 0.00345195
212 -0.795022 0.00344121
213 -0.794662 0.00333083
214 -0.795002 0.0033116
215 -0.794649 0.00312436
216 -0.795396 0.00303692
217 -0.794735 0.00319152
218 -0.794622 0.00318438
219 -0.79452 0.00319527
220 -0.793561 0.00306772
221 -0.793402 0.00302554
222 -0.794586 0.00306211
223 -0.794415 0.00305705
224 -0.794817 0.00314458
225 -0.794357 0.00313415
226 -0.793895 0.00295361
227 -0.793667 0.00292868
228 -0.793499 0.00278451
229 -0.79357 0.00283591
230 -0.794313 0.00271154
231 -0.794574 0.00274255
232 -0.794349 0.0027657
233 -0.794328 0.00264291
234 -0.794402 0.00287175
235 -0.794395 0.00274561
236 -0.795037 0.00292386
237 -0.794938 0.00290891
238 -0.795374 0.00270913
239 -0.794763 0.00277849
240 -0.79454 0.00281066
241 -0.794064 0.00286473
242 -0.793746 0.0029361
243 -0.793191 0.00286182
244 -0.79354 0.00288668
245 -0.793944 0.00299618
246 -0.793898 0.00297835
247 -0.794023 0.00304883
248 -0.793301 0.00310073
249 -0.794474 0.00323962
250 -0.794878 0.00305482
251 -0.794494 0.00314959
252 -0.794012 0.00328752
253 -0.793866 0.00338582
254 -0.794729 0.00345531
255 -0.794393 0.00346818
256 -0.793826 0.00343894
257 -0.793919 0.00348796
258 -0.793684 0.00351815
259 -0.794366 0.00348349
260 -0.794157 0.00353231
261 -0.794149 0.00363742
262 -0.794312 0.00368345
263 -0.793782 0.00373941
264 -0.794285 0.00389725
265 -0.794781 0.00384015
266 -0.795064 0.00367619
267 -0.795108 0.00376598
268 -0.795517 0.00371867
269 -0.795526 0.00376061
270 -0.795215 0.00377969
271 -0.79479 0.00371135
272 -0.79431 0.00363586
273 -0.793753 0.00360313
274 -0.793793 0.00359991
275 -0.792933 0.00354718
276 -0.792624 0.00371308
277 -0.792809 0.00357438
278 -0.79375 0.00350274
279 -0.793865 0.00350529
280 -0.794722 0.00327875
281 -0.794163 0.00325432
282 -0.793571 0.00340931
283 -0.793348 0.00343277
284 -0.793436 0.00358935
285 -0.793293 0.00356796
286 -0.793041 0.00343327
287 -0.793453 0.00358739
288 -0.792592 0.00343641
289 -0.79288 0.00345769
290 -0.792112 0.0032835
291 -0.791945 0.00349519
292 -0.792159 0.00336344
293 -0.792268 0.00324638
294 -0.792789 0.00307137
295 -0.792838 0.00300304
296 -0.792584 0.00306176
297 -0.791789 0.00329966
298 -0.791348 0.00343436
299 -0.790276 0.00346911
