-5.05907
-5.07167
-5.08054
-5.08555
-5.08545
-5.08328
-5.07718
-5.06642
-5.04883
-5.02704
-5.0004
-4.97316
-4.9478
-4.92869
-4.91895
-4.92196
-4.93858
-4.96665
-5.00479
-5.04486
-5.0832
-5.11438
-5.13706
-5.14954
-5.15259
-5.14805
-5.13848
-5.1268
-5.11328
-5.09969
-5.08371
-5.06785
-5.05304
-5.04444
-5.03984
-5.03977
-5.0421
-5.04493
-5.04782
-5.05161
-5.05282
-5.05178
-5.04472
-5.03159
-5.01159
-4.98386
-4.95069
-4.9137
-4.87931
-4.84877
-4.82769
-4.81895
-4.82181
-4.83285
-4.84828
-4.86536
-4.87887
-4.88837
-4.89247
-4.89226
-4.88606
-4.87439
-4.85838
-4.84004
-4.8235
-4.81736
-4.82457
-4.84784
-4.88175
-4.91646
-4.94849
-4.97763
-5.00475
-5.02935
-5.05484
-5.0813
-5.10715
-5.13082
-5.14937
-5.16171
-5.16914
-5.17117
-5.17007
-5.16736
-5.16507
-5.16364
-5.16559
-5.16743
-5.16791
-5.16401
-5.15346
-5.13248
-5.0993
-5.05504
-5.00882
-4.97296
-4.96284
-4.9808
-5.01864
-5.06143
-5.10059
-5.12741
-5.14257
-5.14583
-5.13912
-5.12644
-5.11286
-5.10072
-5.09715
-5.10039
-5.10981
-5.12169
-5.13436
-5.14395
-5.14867
-5.14827
-5.14129
-5.12803
-5.11043
-5.09303
-5.07663
-5.06433
-5.05661
-5.05085
-5.04656
-5.04182
-5.03388
-5.02234
-5.00641
-4.98965
-4.97163
-4.95579
-4.94443
-4.94004
-4.94218
-4.94568
-4.95089
-4.95755
-4.96307
-4.97075
-4.98036
-4.99254
-5.00689
-5.01957
-5.03043
-5.03989
-5.04648
-5.05314
-5.06108
-5.07021
-5.07678
-5.08028
-5.07666
-5.06591
-5.0479
-5.02126
-4.9906
-4.95671
-4.92371
-4.89453
-4.87294
-4.85874
-4.84961
-4.84606
-4.84971
-4.86212
-4.88204
-4.91041
-4.9461
-4.98697
-5.03061
-5.07133
-5.10758
-5.13588
-5.15859
-5.17681
-5.19159
-5.20322
-5.20765
-5.20473
-5.19237
-5.17156
-5.14368
-5.11295
-5.08234
-5.05692
-5.03956
-5.03385
-5.03647
-5.04571
-5.05159
-5.05305
-5.04612
-5.03425
-5.01724
-4.99912
-4.97993
-4.96252
-4.94691
-4.93634
-4.935
-4.94233
-4.95636
-4.9733
-4.99068
-5.01237
-5.03939
-5.07202
-5.10887
-5.14705
-5.18088
-5.20475
-5.21882
-5.22341
-5.2196
-5.20939
-5.19515
-5.18111
-5.17123
-5.16942
-5.17357
-5.17967
-5.18282
-5.18146
-5.17472
-5.16109
-5.14455
-5.12362
-5.09931
-5.07253
-5.04621
-5.02228
-5.00428
-4.99398
-4.99295
-5.0038
-5.02462
-5.05198
-5.08357
-5.11758
-5.14967
-5.17788
-5.19618
-5.20319
-5.19576
-5.17469
-5.13865
-5.09671
-5.05285
-5.01414
-4.98982
-4.97906
-4.9795
-4.98585
-4.99012
-4.99205
-4.98986
-4.97954
-4.96206
-4.94051
-4.91687
-4.89824
-4.89219
-4.89902
-4.92108
-4.95091
-4.98368
-5.01387
-5.03716
-5.05286
-5.062
-5.06721
-5.06941
-5.06857
-5.06467
-5.05831
-5.04748
-5.03405
-5.01782
-5.0038
-4.99085
-4.97876
-4.96935
-4.96371
-4.96326
-4.97181
-4.99054
-5.01873
-5.05502
-5.09271
-5.12592
-5.14733
-5.15306
-5.14522
-5.12839
-5.10713
-5.08905
-5.07713
-5.07383
-5.07427
-5.07361
-5.06641
-5.04838
-5.02199
-4.99569
-4.97755
-4.9673
-4.96551
-4.96814
-4.97545
-4.98396
-4.99418
-5.00408
-5.01273
-5.01666
-5.01367
-5.00554
-4.9923
-4.97426
-4.95759
-4.94683
-4.94549
-4.95559
-4.9766
-5.0027
-5.03192
-5.05999
-5.08378
-5.1017
-5.11095
-5.1114
-5.10399
-5.09033
-5.07255
-5.05383
-5.03501
-5.01837
-5.00463
-4.9959
-4.99422
-4.99782
-5.00501
-5.0112
-5.01828
-5.02378
-5.02735
-5.02927
-5.02979
-5.02983
-5.03001
-5.03022
-5.03218
-5.03486
-5.03955
-5.04374
-5.04553
-5.04865
-5.05106
-5.0533
-5.05581
-5.06138
-5.0701
-5.0827
-5.09652
-5.1106
-5.1221
-5.12963
-5.13245
-5.13205
-5.12496
-5.10845
-5.08045
-5.04191
-4.99856
-4.96524
-4.95473
-4.96544
-4.98453
-5.0051
-5.02643
-5.04987
-5.06994
-5.0883
-5.10287
-5.114
-5.11994
-5.12046
-5.11514
-5.10342
-5.08526
-5.06203
-5.03775
-5.01327
-4.99123
-4.97292
-4.95707
-4.94615
-4.94001
-4.93983
-4.94653
-4.96213
-4.98248
-5.00668
-5.0304
-5.05145
-5.06556
-5.073
-5.07555
-5.07305
-5.06685
-5.05641
-5.04448
-5.03159
-5.0237
-5.02068
-5.02133
-5.02368
-5.02328
-5.01944
-5.01252
-5.00571
-5
-4.99581
-4.99229
-4.98781
-4.98402
-4.98096
-4.98089
-4.98803
-5.00468
-5.02825
-5.05783
-5.09
-5.12072
-5.14598
-5.16372
-5.17257
-5.17265
-5.16178
-5.14322
-5.11874
-5.08949
-5.05939
-5.03119
-5.00851
-4.99401
-4.98888
-4.99317
-5.00444
-5.01952
-5.03449
-5.04928
-5.06033
-5.06929
-5.07437
-5.0787
-5.07815
-5.07431
-5.06849
-5.05863
-5.04664
-5.03505
-5.02398
-5.0154
-5.00616
-4.99685
-4.98524
-4.97084
-4.95341
-4.93681
-4.9211
-4.90854
-4.90246
-4.90054
-4.90487
-4.91551
-4.93011
-4.95015
-4.97254
-4.99407
-5.01567
-5.03335
-5.04431
-5.04951
-5.04884
-5.04572
-5.04111
-5.03818
-5.03607
-5.03553
-5.03499
-5.03147
-5.02884
-5.0246
-5.0185
-5.01278
-5.0071
-5.00445
-5.00801
-5.01804
-5.03767
-5.06476
-5.09448
-5.12404
-5.14847
-5.16464
-5.17026
-5.16554
-5.154
-5.1386
-5.12576
-5.11712
-5.11078
-5.10723
-5.10389
-5.09949
-5.09749
-5.09761
-5.10178
-5.11059
-5.12146
-5.1327
-5.14189
-5.14977
-5.15318
-5.15429
-5.15456
-5.15735
-5.16386
-5.17528
-5.19055
-5.20553
-5.21638
-5.2204
-5.21689
-5.20489
-5.18489
-5.15823
-5.12785
-5.09436
-5.05924
-5.02516
-4.99607
-4.97398
-4.96011
-4.95568
-4.95944
-4.96853
-4.98154
-4.99566
-5.00813
-5.01993
-5.03124
-5.03949
-5.04397
-5.04265
-5.03375
-5.01747
-4.99751
-4.97685
-4.95937
-4.94862
-4.94567
-4.9512
-4.96404
-4.97991
-4.99555
-5.00759
-5.01436
-5.01501
-5.01604
-5.01921
-5.02892
-5.04436
-5.0642
-5.08284
-5.09823
-5.10663
-5.1099
-5.10916
-5.10642
-5.10473
-5.10378
-5.10616
-5.11029
-5.11228
-5.10997
-5.10455
-5.09743
-5.08997
-5.08272
-5.07608
-5.07081
-5.06665
-5.06443
-5.06746
-5.07465
-5.08593
-5.09583
-5.10322
-5.10412
-5.09937
-5.09078
-5.07958
-5.06942
-5.06259
-5.06037
-5.06038
-5.06285
-5.06605
-5.06862
-5.07041
-5.06828
-5.06225
-5.05166
-5.03799
-5.02518
-5.01665
-5.01923
-5.03137
-5.05263
-5.07474
-5.09172
-5.09878
-5.09433
-5.07816
-5.05486
-5.03
-5.00588
-4.98916
-4.98349
-4.98732
-4.99571
-5.00705
-5.0151
-5.01876
-5.01484
-5.00413
-4.98829
-4.96803
-4.9446
-4.92081
-4.89897
-4.88141
-4.86908
-4.86228
-4.86213
-4.86839
-4.87914
-4.89896
-4.93
-4.9685
-5.01305
-5.05853
-5.09624
-5.12382
-5.13803
-5.13914
-5.12501
-5.10229
-5.071
-5.0358
-5.00286
-4.97367
-4.95067
-4.93627
-4.93059
-4.93245
-4.93896
-4.94868
-4.95948
-4.96937
-4.97745
-4.9847
-4.99056
-4.99788
-5.00772
-5.02
-5.03439
-5.05277
-5.07213
-5.09282
-5.11369
-5.13305
-5.14953
-5.16177
-5.16907
-5.16672
-5.16035
-5.14794
-5.13081
-5.11118
-5.09242
-5.07241
-5.05246
-5.03374
-5.01801
-5.00743
-5.0029
-5.00543
-5.01568
-5.0303
-5.04905
-5.06903
-5.08974
-5.11198
-5.13146
-5.14831
-5.15986
-5.16575
-5.16492
-5.15986
-5.15153
-5.14392
-5.13624
-5.12757
-5.11916
-5.10784
-5.09363
-5.07489
-5.05118
-5.02341
-4.99376
-4.9647
-4.93828
-4.9185
-4.90621
-4.90049
-4.90003
-4.89985
-4.89876
-4.89667
-4.89334
-4.89228
-4.89456
-4.90288
-4.91714
-4.93809
-4.9615
-4.98651
-5.00897
-5.02745
-5.0403
-5.04676
-5.04967
-5.04792
-5.04286
-5.03246
-5.01409
-4.99027
-4.96025
-4.93314
-4.91148
-4.90122
-4.90815
-4.92907
-4.95652
-4.98379
-5.00709
-5.02194
-5.02721
-5.02586
-5.01836
-5.00772
-4.99458
-4.98056
-4.96367
-4.94165
-4.9129
-4.8837
-4.86191
-4.85633
-4.86891
-4.89106
-4.91752
-4.93984
-4.95393
-4.95984
-4.95811
-4.95171
-4.94697
-4.94773
-4.95864
-4.97852
-5.00495
-5.03084
-5.05259
-5.06933
-5.08072
-5.08821
-5.09133
-5.09227
-5.09048
-5.08381
-5.07374
-5.06312
-5.05792
-5.06166
-5.07661
-5.09995
-5.12524
-5.15022
-5.16888
-5.17801
-5.17445
-5.16172
-5.13698
-5.10531
-5.07114
-5.03801
-5.01049
-4.99051
-4.97863
-4.9715
-4.96717
-4.96523
-4.96525
-4.96993
-4.97795
-4.9904
-5.00301
-5.01586
-5.02305
-5.02261
-5.01624
-5.00348
-4.98498
-4.96627
-4.9522
-4.94384
-4.94503
-4.95374
-4.96852
-4.98413
-5.00055
-5.01338
-5.02398
-5.03163
-5.03856
-5.04675
-5.05463
-5.06304
-5.07189
-5.08148
-5.09103
-5.10197
-5.11241
-5.11892
-5.12262
-5.11802
-5.11064
-5.09953
-5.08892
-5.07873
-5.06954
-5.06507
-5.06123
-5.05824
-5.05563
-5.05272
-5.04944
-5.04361
-5.03609
-5.0264
-5.01682
-5.00996
-5.00546
-5.00588
-5.00828
-5.01138
-5.01468
-5.01764
-5.02166
-5.02652
-5.03142
-5.03678
-5.04358
-5.05225
-5.06083
-5.06845
-5.07381
-5.07452
-5.06765
-5.05426
-5.03378
-5.00727
-4.97799
-4.94984
-4.92716
-4.91268
-4.90819
-4.91696
-4.93615
-4.96357
-4.99527
-5.02414
-5.0449
-5.05792
-5.06453
-5.06794
-5.07116
-5.07867
-5.09106
-5.10516
-5.11806
-5.12445
-5.12427
-5.11289
-5.09336
-5.06795
-5.04217
-5.01868
-4.99855
-4.98367
-4.97566
-4.97136
-4.96982
-4.9698
-4.97291
-4.97895
-4.98718
-4.99719
-5.00733
-5.01601
-5.02541
-5.03356
-5.04089
-5.04662
-5.04965
-5.05146
-5.05221
-5.05089
-5.04707
-5.03761
-5.02244
-5.00216
-4.97854
-4.95904
-4.94766
-4.94891
-4.96227
-4.98497
-5.01163
-5.04044
-5.06554
-5.08687
-5.10274
-5.113
-5.11673
-5.11546
-5.11026
-5.09614
-5.07874
-5.05859
-5.04081
-5.02341
-5.00688
-4.99437
-4.98502
-4.98011
-4.98226
-4.98909
-5.00194
-5.01748
-5.03225
-5.0452
-5.05148
-5.05034
-5.04291
-5.0327
-5.02313
-5.01493
-5.0092
-5.00486
-5.00014
-4.99524
-4.99241
-4.99113
-4.99452
-5.00583
-5.01889
-5.0363
-5.05339
-5.06993
-5.08436
-5.09477
-5.1013
-5.10266
-5.09919
-5.09136
-5.07884
-5.06403
-5.04817
-5.0353
-5.02607
-5.02539
-5.03128
-5.03848
-5.04155
-5.03548
