-3.3953
-3.39603
-3.39657
-3.39683
-3.39529
-3.39508
-3.39494
-3.39501
-3.39383
-3.39394
-3.39322
-3.39326
-3.39319
-3.3938
-3.3946
-3.39593
-3.39727
-3.3976
-3.39914
-3.39877
-3.3982
-3.39662
-3.39589
-3.39546
-3.39522
-3.39464
-3.39356
-3.39279
-3.39161
-3.39163
-3.39048
-3.38978
-3.38855
-3.38977
-3.3901
-3.39074
-3.39134
-3.39153
-3.39154
-3.39255
-3.39205
-3.39212
-3.39094
-3.39008
-3.38965
-3.38867
-3.38832
-3.38771
-3.38935
-3.3898
-3.39045
-3.39179
-3.39341
-3.39454
-3.39513
-3.39612
-3.39536
-3.39445
-3.39316
-3.39305
-3.39263
-3.39239
-3.39274
-3.39332
-3.3933
-3.3947
-3.39519
-3.39694
-3.3991
-3.39866
-3.3974
-3.39703
-3.3976
-3.39668
-3.39629
-3.39631
-3.39618
-3.39614
-3.39518
-3.39353
-3.39282
-3.39178
-3.39122
-3.39084
-3.39091
-3.39062
-3.39199
-3.39217
-3.39179
-3.39078
-3.39033
-3.38977
-3.38903
-3.38779
-3.38834
-3.38996
-3.39373
-3.39681
-3.39892
-3.39879
-3.39903
-3.39709
-3.39584
-3.39472
-3.39359
-3.39302
-3.39354
-3.39269
-3.39391
-3.39419
-3.39436
-3.39388
-3.39445
-3.39481
-3.39489
-3.39549
-3.39564
-3.39515
-3.39428
-3.39492
-3.39505
-3.39576
-3.3969
-3.3967
-3.39643
-3.3964
-3.39576
-3.39522
-3.39398
-3.39457
-3.3945
-3.39455
-3.39451
-3.39542
-3.39725
-3.39674
-3.39649
-3.39754
-3.39717
-3.39753
-3.39735
-3.39725
-3.39803
-3.39773
-3.39764
-3.39849
-3.39797
-3.39757
-3.39766
-3.39853
-3.39812
-3.39824
-3.3971
-3.3963
-3.39628
-3.39488
-3.39479
-3.39396
-3.3933
-3.39275
-3.394
-3.39602
-3.39652
-3.39612
-3.39609
-3.39732
-3.398
-3.39894
-3.39976
-3.40016
-3.40095
-3.40041
-3.40066
-3.39996
-3.39979
-3.39878
-3.39669
-3.39525
-3.39324
-3.39261
-3.39186
-3.3911
-3.38983
-3.38948
-3.38965
-3.39132
-3.39294
-3.39514
-3.39536
-3.39675
-3.39587
-3.39651
-3.39611
-3.39684
-3.39614
-3.39604
-3.3953
-3.39573
-3.39578
-3.39599
-3.39738
-3.39809
-3.39855
-3.39899
-3.3987
-3.40002
-3.4014
-3.402
-3.402
-3.40243
-3.40253
-3.40068
-3.39905
-3.39795
-3.39718
-3.39665
-3.39599
-3.39575
-3.3956
-3.39662
-3.39737
-3.39766
-3.39698
-3.39658
-3.39646
-3.39489
-3.39521
-3.39515
-3.39489
-3.39417
-3.39412
-3.3942
-3.39503
-3.39564
-3.39576
-3.39739
-3.39933
-3.39998
-3.39959
-3.39934
-3.39828
-3.39806
-3.39628
-3.39482
-3.3929
-3.39206
-3.38956
-3.3902
-3.39104
-3.39099
-3.39288
-3.39418
-3.39562
-3.39713
-3.39564
-3.39459
-3.39485
-3.39397
-3.39302
-3.39328
-3.39269
-3.39258
-3.3945
-3.39507
-3.39703
-3.39733
-3.39745
-3.39757
-3.39686
-3.39584
-3.39495
-3.39528
-3.39607
-3.39616
-3.39557
-3.3958
-3.39543
-3.39565
-3.39442
-3.39485
-3.39486
-3.39424
-3.39462
-3.39554
-3.39568
-3.39633
-3.39733
-3.39808
-3.39924
-3.39899
-3.39874
-3.39783
-3.39575
-3.39406
-3.39362
-3.39323
-3.39404
-3.394
-3.39413
-3.39282
-3.39158
-3.39107
-3.38992
-3.38864
-3.38921
-3.39207
-3.39292
-3.39346
-3.39307
-3.3945
-3.39513
-3.39599
-3.39622
-3.39685
-3.39652
-3.3947
-3.39394
-3.39376
-3.39237
-3.39219
-3.39294
-3.39387
-3.39499
-3.39677
-3.39665
-3.39672
-3.39646
-3.39579
-3.3955
-3.39463
-3.39389
-3.39361
-3.39328
-3.39257
-3.39276
-3.39327
-3.39445
-3.39466
-3.39421
-3.39478
-3.39564
-3.39691
-3.39588
-3.39608
-3.39619
-3.39643
-3.39702
-3.39754
-3.398
-3.39822
-3.39757
-3.39754
-3.39717
-3.39812
-3.3984
-3.39681
-3.39747
-3.39818
-3.3987
-3.39829
-3.39857
-3.3989
-3.40006
-3.40047
-3.40098
-3.40071
-3.39972
-3.39821
-3.39842
-3.39814
-3.39686
-3.39506
-3.39424
-3.3942
-3.3955
-3.39774
-3.40033
-3.40113
-3.40065
-3.40009
-3.40155
-3.40089
-3.40104
-3.40068
-3.40072
-3.40007
-3.39935
-3.39886
-3.39838
-3.39752
-3.39639
-3.39687
-3.39716
-3.39762
-3.39843
-3.39817
-3.39918
-3.40033
-3.40132
-3.40179
-3.40357
-3.40377
-3.40424
-3.4042
-3.40479
-3.40388
-3.40251
-3.40211
-3.40179
-3.40215
-3.40172
-3.40167
-3.39993
-3.39978
-3.39965
-3.3993
-3.39967
-3.39935
-3.39902
-3.39825
-3.39816
-3.39789
-3.39742
-3.39682
-3.39568
-3.39596
-3.39631
-3.39622
-3.39686
-3.3985
-3.39864
-3.39862
-3.39866
-3.39863
-3.39786
-3.39674
-3.3955
-3.39512
-3.39344
-3.3928
-3.39315
-3.39303
-3.39324
-3.39332
-3.39382
-3.39485
-3.39597
-3.39713
-3.39785
-3.39836
-3.39813
-3.39927
-3.39903
-3.39909
-3.39764
-3.3981
-3.39685
-3.39588
-3.39646
-3.39579
-3.39451
-3.3938
-3.39284
-3.3935
-3.39332
-3.39393
-3.39402
-3.3935
-3.39185
-3.39185
-3.39189
-3.39228
-3.39449
-3.39496
-3.39542
-3.39628
-3.39598
-3.39707
-3.39785
-3.39692
-3.39741
-3.39768
-3.39676
-3.39631
-3.39541
-3.3955
-3.3952
-3.39592
-3.39619
-3.39715
-3.39801
-3.39657
-3.39705
-3.39722
-3.3968
-3.39754
-3.39771
-3.398
-3.39885
-3.39834
-3.39899
-3.40014
-3.40015
-3.40034
-3.39984
-3.39892
-3.39742
-3.39573
-3.39515
-3.3943
-3.39491
-3.39592
-3.39572
-3.39682
-3.39815
-3.39837
-3.39952
-3.39961
-3.39958
-3.40023
-3.40025
-3.3999
-3.39878
-3.39906
-3.39814
-3.39764
-3.39736
-3.39824
-3.39903
-3.39966
-3.40033
-3.4003
-3.39975
-3.39899
-3.39876
-3.39827
-3.39727
-3.39596
-3.39585
-3.39592
-3.39575
-3.39556
-3.39642
-3.39752
-3.39814
-3.39903
-3.40003
-3.40048
-3.40145
-3.40225
-3.40144
-3.40073
-3.40086
-3.40024
-3.39988
-3.39966
-3.39894
-3.3976
-3.39716
-3.39712
-3.39731
-3.39793
-3.39817
-3.39864
-3.39964
-3.39969
-3.39921
-3.39842
-3.39785
-3.39626
-3.39705
-3.39753
-3.39852
-3.39863
-3.39912
-3.39857
-3.39865
-3.39759
-3.39722
-3.3972
-3.39728
-3.39804
-3.39726
-3.39717
-3.39774
-3.39762
-3.3965
-3.39575
-3.3956
-3.3959
-3.39611
-3.39632
-3.39717
-3.39782
-3.39772
-3.39865
-3.39907
-3.40031
-3.39986
-3.39986
-3.39879
-3.39821
-3.39875
-3.39899
-3.39952
-3.40022
-3.40138
-3.40108
-3.4008
-3.40022
-3.39936
-3.39929
-3.39805
-3.39672
-3.39523
-3.39437
-3.39515
-3.39589
-3.39823
-3.39869
-3.39982
-3.39979
-3.39932
-3.39837
-3.39736
-3.3955
-3.39448
-3.39519
-3.39449
-3.39418
-3.39518
-3.39629
-3.39564
-3.39603
-3.39547
-3.39575
-3.39506
-3.39428
-3.39422
-3.39417
-3.39356
-3.39317
-3.39314
-3.39375
-3.39434
-3.39448
-3.39549
-3.39741
-3.39766
-3.3989
-3.40131
-3.40126
-3.40084
-3.40097
-3.39932
-3.39836
-3.39742
-3.39727
-3.39473
-3.39427
-3.39293
-3.39182
-3.39322
-3.39482
-3.39591
-3.3971
-3.39824
-3.39922
-3.39907
-3.39881
-3.39878
-3.39878
-3.39862
-3.39885
-3.39784
-3.39725
-3.39718
-3.397
-3.39621
-3.39689
-3.39659
-3.3965
-3.39645
-3.39596
-3.39516
-3.39448
-3.39486
-3.39263
-3.39335
-3.39378
-3.39335
-3.39246
-3.39332
-3.39329
-3.39333
-3.39366
-3.39434
-3.39538
-3.39582
-3.3958
-3.39657
-3.39639
-3.39694
-3.39691
-3.39679
-3.39825
-3.39818
-3.39853
-3.39842
-3.39857
-3.39775
-3.39711
-3.39574
-3.39602
-3.39619
-3.39526
-3.39528
-3.39439
-3.39412
-3.39393
-3.39363
-3.3933
-3.39336
-3.3937
-3.39342
-3.39395
-3.39483
-3.39556
-3.39692
-3.3968
-3.39636
-3.39639
-3.39581
-3.39622
-3.39639
-3.39715
-3.39749
-3.3986
-3.39824
-3.39859
-3.3988
-3.39977
-3.4006
-3.39988
-3.39926
-3.39711
-3.39558
-3.39432
-3.39221
-3.39186
-3.39037
-3.39217
-3.39331
-3.39331
-3.39472
-3.39639
-3.39706
-3.39695
-3.3975
-3.39712
-3.39554
-3.39501
-3.39424
-3.39399
-3.39309
-3.39288
-3.39289
-3.39318
-3.39258
-3.39328
-3.39437
-3.39603
-3.39832
-3.3983
-3.399
-3.39873
-3.39743
-3.39671
-3.39621
-3.3957
-3.39649
-3.39701
-3.39819
-3.39871
-3.39965
-3.39916
-3.39805
-3.3976
-3.39754
-3.39807
-3.39748
-3.39749
-3.39803
-3.39763
-3.39725
-3.39697
-3.39809
-3.39957
-3.40166
-3.40324
-3.40246
-3.40252
-3.40217
-3.40158
-3.39936
-3.39946
-3.39793
-3.39734
-3.39812
-3.39894
-3.39982
-3.4002
-3.40101
-3.40125
-3.40131
-3.40181
-3.40182
-3.40285
-3.40282
-3.40342
-3.40239
-3.40284
-3.40197
-3.3999
-3.39906
-3.39821
-3.39596
-3.39469
-3.39546
-3.3959
-3.3978
-3.39913
-3.40048
-3.39982
-3.40039
-3.39993
-3.40026
-3.39982
-3.3995
-3.40017
-3.39979
-3.39937
-3.39923
-3.39958
-3.39908
-3.39912
-3.39923
-3.39837
-3.39949
-3.39776
-3.39797
-3.39748
-3.3984
-3.39874
-3.39779
-3.39895
-3.39865
-3.3981
-3.39777
-3.39769
-3.39831
-3.39797
-3.39792
-3.39736
-3.39715
-3.39776
-3.3971
-3.39757
-3.39757
-3.39744
-3.39757
-3.39743
-3.39808
-3.39904
-3.39942
-3.39937
-3.39952
-3.4001
-3.3998
-3.39931
-3.39937
-3.39956
-3.39843
-3.39785
-3.39721
-3.39616
-3.3953
-3.39483
-3.39532
-3.39625
-3.39679
-3.39862
-3.39921
-3.39949
-3.40085
-3.40186
-3.40124
-3.40077
-3.40068
-3.40126
-3.40162
-3.40284
-3.40418
-3.40414
-3.4038
-3.40218
-3.40231
-3.40063
-3.3993
-3.39798
-3.39857
-3.39996
-3.40034
-3.40031
-3.40172
-3.4024
-3.40253
-3.40156
-3.40135
-3.4016
-3.40166
-3.40178
-3.40147
-3.40017
-3.40053
-3.40058
-3.40091
-3.40118
-3.40068
-3.40069
-3.40088
-3.40039
-3.40003
-3.39857
-3.39748
-3.39715
-3.3965
-3.39768
-3.39863
-3.39993
-3.4009
-3.40177
-3.40144
-3.40225
-3.40159
-3.40154
-3.4013
-3.40078
-3.39902
-3.39797
-3.39916
-3.3974
-3.39705
-3.39634
-3.39797
-3.3982
-3.3968
-3.39664
-3.39641
-3.39631
-3.39768
-3.39753
-3.39797
-3.39797
-3.39719
-3.39777
-3.39741
-3.39644
-3.39519
-3.39471
-3.39527
-3.39537
-3.39556
-3.39578
-3.39546
-3.39503
-3.39568
-3.39502
-3.39447
-3.39664
-3.39596
-3.39674
-3.39641
-3.39666
-3.3974
-3.39762
-3.39796
-3.39737
-3.39646
-3.39572
-3.39443
-3.39405
-3.39391
-3.39517
-3.39507
-3.39627
-3.3975
-3.39759
-3.39682
-3.39494
