0.0384745 0 0
0.0641241 0 0
0.0897737 0 0
0.115423 0 0
0.141073 0 0
0.166723 0 0
0.192372 0 0
0.218022 0 0
0.243672 0 0
0.269321 0 0
0.294971 0 0
0.32062 0 0
0.34627 0 0
0.37192 0 0
0.397569 0 0
0.423219 0 0
0.448869 0 0
0.474518 0 0
0.500168 0 0
0.525818 0 0
0.551467 0 0
0.577117 0 0
0.602767 0 0
0.628416 0 0
0.654066 0 0
0.679715 0 0
0.705365 0 0
0.731015 0 0
0.756664 0 0
0.782314 0 0
0.807964 0 0
0.833613 0 0
0.859263 0 0
0.884913 0 0
0.910562 0 0
0.936212 0.00819313 0.00235862
0.961861 0.0752915 0.00811523
0.987511 0.264369 0.01166
1.01316 0.547781 0.013374
1.03881 0.841823 0.0132954
1.06446 1.11357 nan
1.09011 1.23462 0.00487146
1.11576 1.24196 nan
1.14141 1.14984 0.00762969
1.16706 1.06348 0.00523549
1.19271 0.951593 0.00672046
1.21836 0.829705 nan
1.24401 0.783779 0.0146271
1.26966 0.653533 0.00580043
1.29531 0.596662 0.0137153
1.32096 0.542026 0.00820016
1.34661 0.496625 0.0128419
1.37226 0.45764 0.0125149
1.39791 0.409028 0.0093825
1.42355 0.389814 0.00624362
1.4492 0.368273 0.0089025
1.47485 0.346331 0.00809827
1.5005 0.345437 0.00786869
1.52615 0.327757 0.00734099
1.5518 0.338484 0.00831548
1.57745 0.326989 0.00892888
1.6031 0.337567 0.00853107
1.62875 0.328914 0.00526995
1.6544 0.346345 0.00542666
1.68005 0.343483 0.00767594
1.7057 0.347547 0.00723697
1.73135 0.349784 0.0051626
1.757 0.389662 0.00303391
1.78265 0.38079 0.00029465
1.8083 0.399494 0.00503745
1.83395 0.419572 nan
1.8596 0.47121 0.00451728
1.88525 0.476256 0.00311665
1.9109 0.489518 nan
1.93655 0.524128 nan
1.9622 0.526369 nan
1.98785 0.547404 nan
2.0135 0.565078 nan
2.03915 0.571504 nan
2.0648 0.580303 nan
2.09045 0.620217 nan
2.1161 0.597896 nan
2.14174 0.603387 nan
2.16739 0.582464 nan
2.19304 0.582507 nan
2.21869 0.575974 nan
2.24434 0.552904 nan
2.26999 0.532396 nan
2.29564 0.508573 nan
2.32129 0.49713 nan
2.34694 0.480586 nan
2.37259 0.483902 nan
2.39824 0.456626 nan
2.42389 0.464248 nan
2.44954 0.443326 nan
2.47519 0.443211 nan
2.50084 0.433937 nan
2.52649 0.441372 nan
2.55214 0.440704 nan
2.57779 0.433274 nan
