0 -0.786487 0.00311794
1 -0.786204 0.00324289
2 -0.787044 0.0028957
3 -0.786433 0.00323411
4 -0.787096 0.00356977
5 -0.787619 0.00353253
6 -0.787839 0.00364343
7 -0.7897 0.00400243
8 -0.790347 0.00414091
9 -0.790119 0.00393641
10 -0.790122 0.00418
11 -0.790246 0.00391181
12 -0.791087 0.0036895
13 -0.789607 0.00370437
14 -0.790139 0.00356014
15 -0.791394 0.0036742
16 -0.792785 0.00384926
17 -0.79161 0.00395704
18 -0.78992 0.00395006
19 -0.78973 0.0038882
20 -0.789478 0.00388428
21 -0.789945 0.00388999
22 -0.790226 0.00373563
23 -0.790011 0.00354689
24 -0.791282 0.00350777
25 -0.790341 0.00350017
26 -0.78973 0.00363243
27 -0.791339 0.00380574
28 -0.791011 0.00346119
29 -0.789227 0.00367105
30 -0.788881 0.00331272
31 -0.791254 0.00342777
32 -0.792702 0.00365648
33 -0.793041 0.00314127
34 -0.791982 0.00311287
35 -0.792257 0.0031184
36 -0.791484 0.00309561
37 -0.790167 0.00312396
38 -0.788942 0.00305239
39 -0.790267 0.00309429
40 -0.789582 0.0028456
41 -0.789339 0.00275966
42 -0.789071 0.00225894
43 -0.789141 0.00248491
44 -0.789133 0.00210802
45 -0.78794 0.00206974
46 -0.788206 0.00213031
47 -0.789018 0.00243509
48 -0.788809 0.00207562
49 -0.787984 0.00224809
50 -0.787246 0.00237968
51 -0.787529 0.00224426
52 -0.787451 0.00205764
53 -0.787428 0.00188408
54 -0.786897 0.00204576
55 -0.786904 0.00198034
56 -0.787203 0.00193508
57 -0.785619 0.00207267
58 -0.78528 0.00210586
59 -0.785787 0.00254117
60 -0.785587 0.00268705
61 -0.78652 0.00269039
62 -0.78615 0.00286649
63 -0.785707 0.00273674
64 -0.786422 0.00270306
65 -0.787151 0.002543
66 -0.786328 0.0024856
67 -0.786644 0.0024415
68 -0.788206 0.00289275
69 -0.786226 0.00269638
70 -0.785763 0.00244881
71 -0.786107 0.00295462
72 -0.787056 0.00280667
73 -0.785981 0.00282094
74 -0.783709 0.00266332
75 -0.784484 0.00263142
76 -0.783651 0.00274406
77 -0.783593 0.00272056
78 -0.783072 0.00287473
79 -0.783056 0.00286186
80 -0.783952 0.00315428
81 -0.784016 0.00285305
82 -0.783836 0.00269678
83 -0.783844 0.0028249
84 -0.785689 0.00251107
85 -0.785494 0.00251115
86 -0.784341 0.002184
87 -0.784697 0.00223973
88 -0.783446 0.00217615
89 -0.784547 0.00261165
90 -0.784308 0.0026179
91 -0.78537 0.00301762
92 -0.785309 0.00290802
93 -0.78606 0.0029287
94 -0.786692 0.003211
95 -0.786166 0.00324161
96 -0.78481 0.00297911
97 -0.785331 0.00286176
98 -0.786459 0.00300769
99 -0.786358 0.00252309
100 -0.787207 0.00255753
101 -0.785728 0.00271387
102 -0.78394 0.00282872
103 -0.783734 0.00269042
104 -0.783193 0.00238281
105 -0.78371 0.00251098
106 -0.783352 0.00253555
107 -0.782225 0.00222434
108 -0.780679 0.00247632
109 -0.782402 0.00239144
110 -0.78241 0.00258145
111 -0.781544 0.00282304
112 -0.781706 0.00237445
113 -0.782203 0.00232516
114 -0.782836 0.00225234
115 -0.783583 0.00257882
116 -0.784307 0.00233475
117 -0.784516 0.00216967
118 -0.784276 0.0021087
119 -0.783935 0.00217554
120 -0.783639 0.00219644
121 -0.784934 0.00211101
122 -0.784003 0.00218309
123 -0.784283 0.00217679
124 -0.785082 0.00242619
125 -0.785293 0.00282886
126 -0.784039 0.00287805
127 -0.783224 0.00295789
128 -0.783692 0.00314247
129 -0.783858 0.00300631
130 -0.784581 0.00311677
131 -0.784424 0.00338848
132 -0.783772 0.00353737
133 -0.783817 0.00342774
134 -0.784237 0.00299119
135 -0.784212 0.00334457
136 -0.78352 0.00326536
137 -0.783358 0.00285593
138 -0.784816 0.00293268
139 -0.784826 0.0029328
140 -0.784775 0.00288638
141 -0.784967 0.00269669
142 -0.784831 0.00274122
143 -0.786402 0.00282896
144 -0.786571 0.00305004
145 -0.787104 0.00313662
146 -0.786778 0.00300004
147 -0.787164 0.00312938
148 -0.78782 0.00287578
149 -0.786989 0.00288148
150 -0.78543 0.00262569
151 -0.785869 0.00255586
152 -0.786028 0.00255764
153 -0.786751 0.00238847
154 -0.786156 0.00268186
155 -0.783758 0.00234065
156 -0.782516 0.00245671
157 -0.783239 0.00233123
158 -0.78215 0.00219131
159 -0.783022 0.00219801
160 -0.782766 0.00242229
161 -0.780978 0.00199564
162 -0.780817 0.00228614
163 -0.780626 0.00253089
164 -0.780803 0.00221462
165 -0.780753 0.00209616
166 -0.78184 0.00200649
167 -0.782519 0.00171173
168 -0.782901 0.00178422
169 -0.782735 0.0017654
170 -0.783844 0.00190474
171 -0.783614 0.00208732
172 -0.783821 0.00174707
173 -0.784158 0.00194357
174 -0.783596 0.00211834
175 -0.784625 0.00191669
176 -0.785422 0.00226745
177 -0.785119 0.00245388
178 -0.784136 0.00278743
179 -0.785278 0.00269789
180 -0.787621 0.00293872
181 -0.787607 0.00283712
182 -0.786452 0.00298065
183 -0.78569 0.0030577
184 -0.784649 0.00302142
185 -0.784817 0.00315347
186 -0.784663 0.00313081
187 -0.783048 0.00275712
188 -0.784416 0.00285438
189 -0.783936 0.00272559
190 -0.784812 0.00299097
191 -0.784577 0.00303048
192 -0.783084 0.00266274
193 -0.782157 0.00235463
194 -0.783273 0.00263613
195 -0.782647 0.00285112
196 -0.784368 0.00303942
197 -0.782772 0.00263202
198 -0.783889 0.00260147
199 -0.784427 0.00265377
200 -0.785602 0.00284727
201 -0.78662 0.00288708
202 -0.786793 0.00289388
203 -0.786747 0.00280689
204 -0.785843 0.00279164
205 -0.785705 0.00283669
206 -0.785612 0.0031256
207 -0.785493 0.00297202
208 -0.785543 0.0029169
209 -0.784991 0.00353093
210 -0.783365 0.00375661
211 -0.783615 0.00339469
212 -0.783356 0.00329445
213 -0.784061 0.00319319
214 -0.784017 0.00325891
215 -0.784222 0.00369008
216 -0.783608 0.00375207
217 -0.784252 0.00379592
218 -0.78416 0.00354055
219 -0.785036 0.00354401
220 -0.78622 0.00350828
221 -0.787099 0.00380164
222 -0.78771 0.00364179
223 -0.78875 0.00367796
224 -0.787084 0.00375041
225 -0.786616 0.00364257
226 -0.787443 0.00386334
227 -0.787006 0.00402079
228 -0.787794 0.00419876
229 -0.787098 0.0035516
230 -0.787589 0.00344891
231 -0.786285 0.00336907
232 -0.785915 0.0031396
233 -0.784851 0.00303943
234 -0.784958 0.00318425
235 -0.787031 0.00316053
236 -0.788891 0.00308798
237 -0.787091 0.00323478
238 -0.788387 0.00295684
239 -0.78757 0.00292347
240 -0.786805 0.00263786
241 -0.786454 0.0027356
242 -0.786255 0.00318515
243 -0.784214 0.00298586
244 -0.785608 0.00333005
245 -0.784532 0.00334007
246 -0.784201 0.00359657
247 -0.784634 0.00370554
248 -0.784331 0.00363278
249 -0.785495 0.00358896
250 -0.786957 0.00337099
251 -0.788517 0.00320946
252 -0.78769 0.0032901
253 -0.788667 0.00337796
254 -0.789274 0.00333121
255 -0.788765 0.00346125
256 -0.788639 0.00312886
257 -0.790331 0.00312505
258 -0.78973 0.00328424
259 -0.788916 0.00345046
260 -0.787832 0.00325503
261 -0.789287 0.0031169
262 -0.789726 0.00330666
263 -0.789689 0.00301256
264 -0.789666 0.00287529
265 -0.789825 0.00293311
266 -0.790579 0.00298436
267 -0.792872 0.00294584
268 -0.793178 0.00281433
269 -0.793439 0.00334618
270 -0.7923 0.00334167
271 -0.790856 0.00347783
272 -0.791203 0.00355028
273 -0.789722 0.00372391
274 -0.791565 0.00365158
275 -0.792378 0.00377959
276 -0.791897 0.00396261
277 -0.791953 0.00386356
278 -0.792903 0.0037107
279 -0.79335 0.00386106
280 -0.79358 0.0038627
281 -0.793465 0.00348814
282 -0.793782 0.00347918
283 -0.794009 0.00319823
284 -0.793489 0.00322357
285 -0.792261 0.00310079
286 -0.792849 0.00296046
287 -0.79335 0.00281045
288 -0.791097 0.00261289
289 -0.792523 0.0024316
290 -0.792176 0.00273956
291 -0.792858 0.00242174
292 -0.792543 0.002293
293 -0.79191 0.00220837
294 -0.791449 0.00253447
295 -0.793238 0.00268406
296 -0.792612 0.00276609
297 -0.791717 0.00271007
298 -0.791773 0.00261424
299 -0.792427 0.00263901
