0.0969496 0 0
0.161583 0 0
0.226216 0 0
0.290849 0 0
0.355482 0 0
0.420115 0 0
0.484748 0 0
0.549381 0 0
0.614014 0 0
0.678647 0 0
0.74328 0 0
0.807913 0 0
0.872546 0 0
0.937179 0.000493035 0.000113003
1.00181 0.0634292 0.00119415
1.06645 0.467109 0.00303822
1.13108 0.905468 0.00403789
1.19571 1.02158 0.00406438
1.26034 0.942328 0.00371493
1.32498 0.827255 0.00331955
1.38961 0.73429 0.00296377
1.45424 0.667765 0.00267726
1.51888 0.612546 0.0024781
1.58351 0.573225 0.00228754
1.64814 0.545947 0.00215233
1.71278 0.532958 0.00202275
1.77741 0.515538 0.00191062
1.84204 0.508009 0.0018545
1.90667 0.503209 0.0017747
1.97131 0.499309 0.00171475
2.03594 0.498606 0.00163515
2.10057 0.496324 0.00159572
2.16521 0.496306 0.00155452
2.22984 0.496451 0.00151716
2.29447 0.493415 0.00148194
2.35911 0.494468 0.00142826
2.42374 0.491231 0.00139302
2.48837 0.492522 0.00134994
2.55301 0.487445 0.00131693
2.61764 0.487113 0.00127833
2.68227 0.481294 0.00125244
2.7469 0.482623 0.00120938
2.81154 0.482837 0.0011865
2.87617 0.482904 0.00116377
2.9408 0.4789 0.00113262
3.00544 0.482135 0.00110961
3.07007 0.480029 0.00108556
3.1347 0.479107 0.00105877
3.19934 0.479834 0.00102488
3.26397 0.47917 0.0010147
3.3286 0.479407 0.000995434
3.39323 0.478516 0.000975167
3.45787 0.478649 0.000949595
3.5225 0.480163 0.000941156
3.58713 0.478667 0.000932633
3.65177 0.478839 0.000896731
3.7164 0.47811 0.000885075
3.78103 0.478103 0.000874822
3.84567 0.479407 0.000869045
3.9103 0.48066 0.000847442
3.97493 0.4798 0.000833794
4.03957 0.479174 0.000816752
4.1042 0.47991 0.000799655
4.16883 0.479792 0.000791193
4.23346 0.479794 0.000777272
4.2981 0.480547 0.000771765
4.36273 0.479324 0.000752554
4.42736 0.478886 0.000739259
4.492 0.479829 0.0007427
4.55663 0.480001 0.000718528
4.62126 0.480393 0.000719204
4.6859 0.48079 0.000704245
4.75053 0.479354 0.00070239
4.81516 0.479472 0.000685531
4.87979 0.480587 0.000679797
4.94443 0.480554 0.000662044
5.00906 0.481164 0.000659871
5.07369 0.48111 0.00064761
5.13833 0.480616 0.000642838
5.20296 0.481638 0.00063823
5.26759 0.480632 0.000624067
5.33223 0.48097 0.000616208
5.39686 0.480689 0.000608436
5.46149 0.48068 0.00060508
5.52612 0.481486 0.00059823
5.59076 0.481826 0.000590794
5.65539 0.481638 0.000573828
5.72002 0.481522 0.000577467
5.78466 0.482463 0.000569415
5.84929 0.482184 0.000563983
5.91392 0.481888 0.000559752
5.97856 0.482518 0.000550785
6.04319 0.481797 0.000541409
6.10782 0.482995 0.000541554
6.17246 0.483047 0.000537188
6.23709 0.482129 0.000527146
6.30172 0.482563 0.000520888
6.36635 0.48318 0.000516999
6.43099 0.483107 0.000510872
6.49562 0.483771 0.000507268
