           1   -0.409267   -0.409267           0
           2   -0.420773    -0.41502    0.004068
           3   -0.406734   -0.412258  0.00352727
           4    -0.40765   -0.411106  0.00282736
           5   -0.435592   -0.416003  0.00492969
           6   -0.426482    -0.41775  0.00440662
           7   -0.422971   -0.418496   0.0038397
           8   -0.419601   -0.418634  0.00336222
           9     -0.3903   -0.415486  0.00421213
          10   -0.446312   -0.418568  0.00478783
          11   -0.395764   -0.416495  0.00478037
          12   -0.430033   -0.417623  0.00451317
          13   -0.408824   -0.416946  0.00421646
          14   -0.401205   -0.415822  0.00406244
          15   -0.418084   -0.415973  0.00379441
          16   -0.411901   -0.415718  0.00356578
          17   -0.404022    -0.41503  0.00342176
          18    -0.40392   -0.414413  0.00328686
          19   -0.403903    -0.41386  0.00316007
          20   -0.418493   -0.414092  0.00301054
          21   -0.383092   -0.412615  0.00320875
          22   -0.384028   -0.411316  0.00331558
          23   -0.407252   -0.411139  0.00317613
          24   -0.413773   -0.411249  0.00304568
          25   -0.398035    -0.41072  0.00296937
          26   -0.414298   -0.410858  0.00285835
          27   -0.412999   -0.410937  0.00275358
          28   -0.410679   -0.410928  0.00265526
          29   -0.397171   -0.410454  0.00260573
          30   -0.396399   -0.409985  0.00256064
          31    -0.39703   -0.409567  0.00251191
          32   -0.412075   -0.409646  0.00243463
          33   -0.452761   -0.410952  0.00268867
          34   -0.426249   -0.411402  0.00264696
          35   -0.435114    -0.41208  0.00265662
          36   -0.399048   -0.411718  0.00260737
          37   -0.415171   -0.411811  0.00253857
          38   -0.447799   -0.412758  0.00264252
          39   -0.397714   -0.412372  0.00260276
          40   -0.416752   -0.412482     0.00254
          41    -0.38323   -0.411768   0.0025763
          42   -0.396871   -0.411414  0.00253926
          43   -0.434723   -0.411956  0.00253741
          44   -0.445743   -0.412724  0.00259333
          45   -0.414712   -0.412768  0.00253608
          46   -0.431417   -0.413173  0.00251314
          47   -0.403941   -0.412977  0.00246734
          48   -0.405801   -0.412827  0.00242046
          49   -0.410232   -0.412774  0.00237164
          50   -0.465198   -0.413823  0.00254544
