           1   0.0512183   0.0512183           0
           2   0.0500145   0.0506164 0.000425614
           3    0.050683   0.0506386  0.00028432
           4   0.0479116   0.0499569 0.000627753
           5    0.046233   0.0492121 0.000834232
           6   0.0479135   0.0489957 0.000722724
           7   0.0484191   0.0489133 0.000624154
           8   0.0475905   0.0487479 0.000567613
           9   0.0506812   0.0489628 0.000543675
          10   0.0486189   0.0489284 0.000490393
          11   0.0499768   0.0490237 0.000454981
          12   0.0462256   0.0487905 0.000473058
          13   0.0462227    0.048593 0.000476125
          14   0.0514773    0.048799 0.000484645
          15   0.0459028   0.0486059 0.000489288
          16   0.0476402   0.0485456 0.000462415
          17   0.0521168   0.0487556 0.000480569
          18   0.0483686   0.0487341 0.000454352
          19   0.0472814   0.0486577 0.000436825
          20   0.0498493   0.0487173 0.000419027
          21   0.0509534   0.0488238 0.000412382
          22   0.0496336   0.0488606 0.000395277
          23   0.0480358   0.0488247 0.000379714
          24   0.0493501   0.0488466 0.000364523
          25   0.0505728   0.0489156 0.000356422
          26   0.0462434   0.0488129 0.000357224
          27   0.0499764    0.048856 0.000346583
          28   0.0496827   0.0488855 0.000335461
          29   0.0497828   0.0489164 0.000325317
          30   0.0505978   0.0489725 0.000319265
          31   0.0487333   0.0489648 0.000309059
          32   0.0513245   0.0490385 0.000308073
          33   0.0479858   0.0490066 0.000300384
          34   0.0521391   0.0490987 0.000305352
          35   0.0464916   0.0490242 0.000305578
          36   0.0492095   0.0490294 0.000297133
          37    0.050623   0.0490725 0.000292208
          38   0.0473567   0.0490273 0.000287985
          39   0.0496846   0.0490442 0.000281094
          40   0.0495826   0.0490576 0.000274389
          41   0.0499301   0.0490789  0.00026852
          42   0.0519065   0.0491462 0.000270435
          43   0.0490196   0.0491433 0.000264162
          44   0.0478565    0.049114 0.000259772
          45   0.0527085   0.0491939 0.000265996
          46   0.0504678   0.0492216 0.000261651
          47   0.0481122    0.049198 0.000257147
          48   0.0471415   0.0491552 0.000255334
          49   0.0515876   0.0492048 0.000254903
          50   0.0480945   0.0491826  0.00025077
