0 -0.798952 0.00451735
1 -0.798968 0.00450354
2 -0.798677 0.00454583
3 -0.798626 0.00458128
4 -0.799054 0.00456825
5 -0.799106 0.00447622
6 -0.798905 0.00455974
7 -0.799117 0.00450961
8 -0.798774 0.00440314
9 -0.798505 0.00434093
10 -0.798998 0.00434281
11 -0.798768 0.00427519
12 -0.79896 0.00420448
13 -0.798941 0.00419355
14 -0.799304 0.00412985
15 -0.79974 0.00410185
16 -0.799796 0.00405812
17 -0.799727 0.00401895
18 -0.799783 0.00403707
19 -0.799612 0.00410647
20 -0.799733 0.00413857
21 -0.799501 0.00423884
22 -0.79951 0.0041851
23 -0.799568 0.0041888
24 -0.79909 0.00412522
25 -0.799052 0.00412491
26 -0.799031 0.00411519
27 -0.798703 0.00418525
28 -0.798487 0.0041204
29 -0.798481 0.00413332
30 -0.798807 0.00405575
31 -0.798737 0.00408206
32 -0.798712 0.00406623
33 -0.798659 0.00404065
34 -0.798893 0.00400894
35 -0.798305 0.00402021
36 -0.798073 0.00409332
37 -0.797693 0.00406541
38 -0.79795 0.00409771
39 -0.798039 0.00403793
40 -0.798097 0.00404306
41 -0.797864 0.00415976
42 -0.798128 0.00410044
43 -0.798465 0.00412465
44 -0.7987 0.0040995
45 -0.798917 0.00401165
46 -0.798815 0.00406233
47 -0.798606 0.00407602
48 -0.798834 0.00411294
49 -0.798833 0.00413754
50 -0.798691 0.00415984
51 -0.798401 0.0041437
52 -0.798366 0.00415151
53 -0.798644 0.00410769
54 -0.798487 0.00406815
55 -0.798846 0.00402568
56 -0.798468 0.00399355
57 -0.798361 0.00399077
58 -0.798281 0.00399108
59 -0.798259 0.00399693
60 -0.798084 0.00400703
61 -0.797875 0.00400193
62 -0.797531 0.00401166
63 -0.797222 0.00393603
64 -0.797207 0.00386016
65 -0.797368 0.00391445
66 -0.797537 0.00387897
67 -0.797579 0.00381044
68 -0.797578 0.00380301
69 -0.797589 0.00377762
70 -0.797836 0.00370399
71 -0.797648 0.0037412
72 -0.797751 0.00362724
73 -0.797637 0.00364126
74 -0.797317 0.00369126
75 -0.797295 0.00373897
76 -0.797492 0.00374334
77 -0.797347 0.00378799
78 -0.797211 0.00378552
79 -0.79712 0.00382384
80 -0.797613 0.00381941
81 -0.797613 0.00382259
82 -0.797671 0.00389201
83 -0.797626 0.00391099
84 -0.79795 0.0039042
85 -0.797996 0.00394427
86 -0.797699 0.00385236
87 -0.79785 0.00384409
88 -0.797869 0.0038578
89 -0.797926 0.00380092
90 -0.797893 0.00379955
91 -0.798 0.00373732
92 -0.797954 0.00374713
93 -0.797584 0.00371253
94 -0.797662 0.00371804
95 -0.797646 0.00370682
96 -0.79773 0.00368135
97 -0.797925 0.00361852
98 -0.797879 0.00367035
99 -0.797793 0.00370346
100 -0.797891 0.00362227
101 -0.797988 0.00365209
102 -0.798072 0.00360864
103 -0.798078 0.0035019
104 -0.798226 0.00345195
105 -0.798164 0.00337081
106 -0.798077 0.00338653
107 -0.797886 0.00342374
108 -0.797894 0.00344187
109 -0.798109 0.00343957
110 -0.798305 0.00339173
111 -0.79815 0.00336934
112 -0.798564 0.00338597
113 -0.798522 0.00339525
114 -0.798694 0.00341412
115 -0.799019 0.00354019
116 -0.799056 0.00362156
117 -0.798863 0.00359591
118 -0.798811 0.00344096
119 -0.798791 0.00338775
120 -0.798596 0.00338196
121 -0.798934 0.00337309
122 -0.798619 0.00335464
123 -0.798592 0.00340681
124 -0.798706 0.00329268
125 -0.798522 0.00327547
126 -0.798492 0.00332047
127 -0.798763 0.00322443
128 -0.798789 0.00315647
129 -0.798861 0.00315952
130 -0.799288 0.00318909
131 -0.799267 0.00320152
132 -0.79936 0.00316279
133 -0.798975 0.0031013
134 -0.798881 0.00311542
135 -0.798928 0.00312945
136 -0.79898 0.00307678
137 -0.799268 0.0030713
138 -0.798916 0.00312717
139 -0.799276 0.00318343
140 -0.799345 0.00316798
141 -0.799186 0.00322955
142 -0.799213 0.00326216
143 -0.799422 0.00332714
144 -0.79938 0.00333709
145 -0.799297 0.00328959
146 -0.799082 0.00332361
147 -0.799112 0.0033013
148 -0.798991 0.0033252
149 -0.798784 0.00334398
150 -0.798861 0.0033409
151 -0.798779 0.00332687
152 -0.79887 0.00331577
153 -0.798826 0.00334695
154 -0.798874 0.00337846
155 -0.798981 0.00337485
156 -0.798669 0.00333804
157 -0.798644 0.0033604
158 -0.799014 0.00339348
159 -0.799141 0.00336529
160 -0.798972 0.00328602
161 -0.799006 0.00331542
162 -0.799128 0.00330811
163 -0.799381 0.00317086
164 -0.799058 0.00318784
165 -0.798942 0.00323861
166 -0.798852 0.00324641
167 -0.799029 0.00323515
168 -0.798854 0.00326153
169 -0.798847 0.00331519
170 -0.798981 0.00333083
171 -0.798985 0.00326254
172 -0.798801 0.00327105
173 -0.798617 0.00333797
174 -0.798456 0.00334075
175 -0.79833 0.00332176
176 -0.798534 0.0033576
177 -0.798177 0.0033295
178 -0.798297 0.00336767
179 -0.798355 0.00341739
180 -0.798628 0.00336392
181 -0.798615 0.00334349
182 -0.798719 0.00336895
183 -0.798336 0.00336971
184 -0.798485 0.0033692
185 -0.79819 0.00340429
186 -0.798182 0.00334022
187 -0.798076 0.00338372
188 -0.797879 0.0033965
189 -0.79792 0.00342564
190 -0.797734 0.00334334
191 -0.797904 0.00338098
192 -0.797844 0.00339342
193 -0.79805 0.00336776
194 -0.797993 0.00330253
195 -0.797929 0.00333072
196 -0.797935 0.00338794
197 -0.79779 0.00345696
198 -0.797581 0.00343654
199 -0.797568 0.00344492
200 -0.797915 0.00339959
201 -0.797919 0.00348681
202 -0.797811 0.00349337
203 -0.797965 0.00362856
204 -0.798133 0.00364625
205 -0.798462 0.00366278
206 -0.797899 0.00372033
207 -0.79822 0.00374426
208 -0.797905 0.00370904
209 -0.797772 0.00374707
210 -0.797635 0.00365177
211 -0.797828 0.00370014
212 -0.79795 0.00371295
213 -0.797862 0.00370221
214 -0.797902 0.00377208
215 -0.797988 0.00381138
216 -0.798003 0.00391651
217 -0.798095 0.00392394
218 -0.797893 0.00396009
219 -0.797945 0.00389068
220 -0.797762 0.00389153
221 -0.797767 0.00388596
222 -0.798027 0.00390348
223 -0.798081 0.0038573
224 -0.798309 0.00394125
225 -0.798606 0.00395009
226 -0.798525 0.00399476
227 -0.798454 0.00398077
228 -0.798197 0.00395549
229 -0.798567 0.00393322
230 -0.798645 0.00382009
231 -0.798797 0.00390656
232 -0.798912 0.0038397
233 -0.798773 0.00383244
234 -0.798579 0.00388012
235 -0.798433 0.0039567
236 -0.798351 0.00396042
237 -0.79873 0.00389307
238 -0.798703 0.00386867
239 -0.79857 0.00388747
240 -0.798414 0.00385661
241 -0.798239 0.00385931
242 -0.798222 0.00385824
243 -0.798349 0.0038374
244 -0.798115 0.00388209
245 -0.798458 0.00394226
246 -0.798581 0.00390238
247 -0.798223 0.00390109
248 -0.798125 0.00382621
249 -0.798541 0.00380826
250 -0.798604 0.00378482
251 -0.798182 0.00371876
252 -0.797813 0.00366692
253 -0.797794 0.00362735
254 -0.797829 0.00364189
255 -0.797966 0.00369833
256 -0.797795 0.00362691
257 -0.797616 0.00357317
258 -0.797606 0.00358107
259 -0.79726 0.0035785
260 -0.797335 0.00357394
261 -0.797265 0.00354311
262 -0.79745 0.00358904
263 -0.7973 0.003657
264 -0.797195 0.0037032
265 -0.797355 0.00376166
266 -0.797496 0.00378376
267 -0.797404 0.00375857
268 -0.797529 0.00383932
269 -0.797847 0.00396092
270 -0.79806 0.00386576
271 -0.797442 0.00392716
272 -0.797592 0.00394344
273 -0.797606 0.00390975
274 -0.79755 0.00379664
275 -0.797423 0.00374936
276 -0.797395 0.0037707
277 -0.79737 0.00378249
278 -0.797109 0.00380947
279 -0.79703 0.00383593
280 -0.797422 0.00382688
281 -0.797485 0.00385692
282 -0.797256 0.00377844
283 -0.797365 0.00380394
284 -0.79717 0.00386785
285 -0.79713 0.00384385
286 -0.797096 0.00378551
287 -0.797258 0.00378704
288 -0.796719 0.0037779
289 -0.796616 0.00378852
290 -0.796412 0.0037683
291 -0.796364 0.00375848
292 -0.79652 0.00378603
293 -0.796572 0.00377801
294 -0.796642 0.00380388
295 -0.796686 0.00377474
296 -0.796953 0.00376691
297 -0.796812 0.00378411
298 -0.797105 0.00381022
299 -0.796937 0.00380412
