0 12.6331
1 11.5304
2 11.5304
3 11.5304
4 11.5304
5 11.4958
6 10.4324
7 10.2511
8 10.2511
9 10.2511
10 9.90881
11 9.74531
12 9.4509
13 9.4509
14 9.4509
15 9.4509
16 9.34169
17 9.18928
18 8.93126
19 8.839
20 8.839
21 8.839
22 8.82726
23 8.82726
24 8.62237
25 8.46108
26 8.46108
27 8.26082
28 8.24731
29 8.24731
30 7.55318
31 7.55318
32 7.55318
33 7.55318
34 7.55318
35 7.55318
36 7.55318
37 7.55318
38 7.55318
39 7.55318
40 7.55318
41 7.55318
42 7.24625
43 7.24625
44 7.21965
45 7.21965
46 7.21965
47 7.21965
48 7.21965
49 6.93414
50 6.93414
51 6.93414
52 6.92767
53 6.91314
54 6.91314
55 6.78708
56 6.78708
57 6.78708
58 6.78708
59 6.47517
60 6.47517
61 6.47517
62 6.47517
63 6.47517
64 6.47517
65 6.47517
66 6.46895
67 6.32907
68 6.32907
69 6.32907
70 6.32907
71 6.32907
72 6.28935
73 6.24289
74 6.24289
75 6.24289
76 6.1879
77 6.1879
78 6.1879
79 6.1879
80 6.07475
81 6.07475
82 6.07475
83 6.02833
84 6.02833
85 6.02833
86 5.9476
87 5.9476
88 5.9476
89 5.9476
90 5.9476
91 5.9476
92 5.9476
93 5.89417
94 5.89417
95 5.89417
96 5.89417
97 5.89417
98 5.89417
99 5.89417
100 5.89417
101 5.89417
102 5.89417
103 5.75151
104 5.75151
105 5.75151
106 5.75151
107 5.75151
108 5.7251
109 5.7251
110 5.7251
111 5.7251
112 5.7251
113 5.7251
114 5.68661
115 5.68661
116 5.68661
117 5.68661
118 5.6602
119 5.6602
120 5.6602
121 5.6602
122 5.6602
123 5.6602
124 5.52902
125 5.52902
126 5.52902
127 5.52902
128 5.52902
129 5.52602
130 5.52602
131 5.52602
132 5.52602
133 5.52602
134 5.52602
135 5.52602
136 5.52602
137 5.52602
138 5.52602
139 5.52602
140 5.52602
141 5.42935
142 5.42935
143 5.42935
144 5.42935
145 5.42935
146 5.42935
147 5.42935
148 5.42935
149 5.42935
150 5.42935
151 5.42935
152 5.42935
153 5.42935
154 5.42935
155 5.42935
156 5.42935
157 5.42935
158 5.3892
159 5.25972
160 5.25972
161 5.25972
162 5.19671
163 5.19671
164 5.19671
165 5.19671
166 5.19671
167 5.19671
168 5.19671
169 5.19671
170 5.00297
171 5.00297
172 5.00297
173 5.00297
174 5.00297
175 5.00297
176 5.00297
177 5.00297
178 5.00297
179 5.00297
180 5.00297
181 5.00297
182 5.00297
183 5.00297
184 5.00297
185 5.00297
186 5.00297
187 5.00297
188 5.00297
189 5.00297
190 5.00297
191 5.00297
192 5.00297
193 4.97999
194 4.97999
195 4.97999
196 4.93806
197 4.93698
198 4.93698
199 4.93698
200 4.93698
201 4.93698
202 4.93698
203 4.93698
204 4.87432
205 4.87432
206 4.87432
207 4.87432
208 4.87432
209 4.87432
210 4.87432
211 4.87432
212 4.87432
213 4.87432
214 4.87432
215 4.87432
216 4.87432
217 4.87432
218 4.87432
219 4.87432
220 4.87432
221 4.87432
222 4.87432
223 4.87432
224 4.87432
225 4.87432
226 4.84668
227 4.84668
228 4.84668
229 4.84668
230 4.84668
231 4.84668
232 4.84668
233 4.84668
234 4.84668
235 4.84668
236 4.84668
237 4.84668
238 4.84668
239 4.84668
240 4.84668
241 4.84668
242 4.84668
243 4.84668
244 4.82234
245 4.82234
246 4.82234
247 4.82234
248 4.82234
249 4.82234
250 4.82234
251 4.82234
252 4.82234
253 4.82234
254 4.82234
255 4.82234
256 4.82234
257 4.82234
258 4.82234
259 4.82234
260 4.82234
261 4.82234
262 4.82234
263 4.82234
264 4.82234
265 4.82234
266 4.82234
267 4.82234
268 4.82234
269 4.82234
270 4.82234
271 4.82234
272 4.82234
273 4.82234
274 4.82234
275 4.82234
276 4.82234
277 4.82234
278 4.80195
279 4.80195
280 4.80195
281 4.80195
282 4.80195
283 4.80195
284 4.80195
285 4.80195
286 4.80195
287 4.80195
288 4.80195
289 4.80195
290 4.80195
291 4.80195
292 4.80195
293 4.80195
294 4.80195
295 4.80195
296 4.80195
297 4.80195
298 4.80195
299 4.80195
300 4.80195
301 4.80195
302 4.80195
303 4.80195
304 4.80195
305 4.80195
306 4.80195
307 4.80195
308 4.80195
309 4.80195
310 4.80195
311 4.80195
312 4.80195
313 4.80195
314 4.80195
315 4.80195
316 4.80195
317 4.80195
318 4.80195
319 4.80195
320 4.80195
321 4.80195
322 4.80195
323 4.80195
324 4.80195
325 4.80195
326 4.80195
327 4.80195
328 4.80195
329 4.80195
330 4.80195
331 4.80195
332 4.80195
333 4.80195
334 4.80195
335 4.80195
336 4.80195
337 4.80195
338 4.80195
339 4.79781
340 4.79781
341 4.79781
342 4.79781
343 4.79781
344 4.79781
345 4.79781
346 4.79781
347 4.79781
348 4.79781
349 4.79781
350 4.79781
351 4.79781
352 4.79781
353 4.79781
354 4.79781
355 4.79781
356 4.79781
357 4.79781
358 4.79781
359 4.79781
360 4.79781
361 4.79781
362 4.79781
363 4.79781
364 4.79781
365 4.79781
366 4.79781
367 4.79781
368 4.79781
369 4.79781
370 4.79781
371 4.79781
372 4.79781
373 4.79781
374 4.79781
375 4.79781
376 4.79781
377 4.79781
378 4.79781
379 4.79781
380 4.79781
381 4.79781
382 4.79781
383 4.79781
384 4.77596
385 4.77596
386 4.77596
387 4.77596
388 4.77596
389 4.77596
390 4.77596
391 4.77596
392 4.77596
393 4.77596
394 4.77596
395 4.77596
396 4.77596
397 4.77596
398 4.77596
399 4.77596
400 4.77596
401 4.77596
402 4.77596
403 4.77596
404 4.77596
405 4.77596
406 4.77596
407 4.77596
408 4.77596
409 4.77596
410 4.77596
411 4.77596
412 4.77596
413 4.77596
414 4.77596
415 4.77596
416 4.77596
417 4.77596
418 4.77596
419 4.77596
420 4.77596
421 4.77596
422 4.77596
423 4.77596
424 4.77596
425 4.77596
426 4.77596
427 4.77596
428 4.77596
429 4.77596
430 4.77596
431 4.77596
432 4.77596
433 4.77596
434 4.77596
435 4.77596
436 4.77596
437 4.77596
438 4.77596
439 4.77596
440 4.77596
441 4.77596
442 4.77596
443 4.77596
444 4.77596
445 4.77596
446 4.77596
447 4.77596
448 4.77596
449 4.77596
450 4.77596
451 4.77596
452 4.77596
453 4.77596
454 4.77596
455 4.77596
456 4.77596
457 4.77596
458 4.77596
459 4.77596
460 4.77596
461 4.77596
462 4.77596
463 4.77596
464 4.77596
465 4.77596
466 4.77596
467 4.77596
468 4.77596
469 4.77596
470 4.77596
471 4.77596
472 4.77596
473 4.77596
474 4.77596
475 4.77596
476 4.77596
477 4.77596
478 4.77596
479 4.77596
480 4.77596
481 4.77596
482 4.77596
483 4.77596
484 4.77596
485 4.77596
486 4.77596
487 4.77596
488 4.77596
489 4.77596
490 4.77596
491 4.77596
492 4.77596
493 4.77596
494 4.77596
495 4.77596
496 4.77596
497 4.77596
498 4.77596
499 4.77596
500 4.77596
501 4.77596
502 4.77596
503 4.77596
504 4.77596
505 4.77596
506 4.77596
507 4.77596
508 4.77596
509 4.77596
510 4.77596
511 4.77596
512 4.77596
513 4.77596
514 4.77596
515 4.77596
516 4.77596
517 4.77596
518 4.77596
519 4.77596
520 4.77596
521 4.77596
522 4.77596
523 4.77596
524 4.77596
525 4.77596
526 4.77596
527 4.77596
528 4.77596
529 4.77596
530 4.77596
531 4.77596
532 4.77596
533 4.77596
534 4.77596
535 4.77596
536 4.77596
537 4.77596
538 4.77596
539 4.77596
540 4.77596
541 4.77596
542 4.77596
543 4.77596
544 4.77596
545 4.77596
546 4.77596
547 4.77596
548 4.77596
549 4.77596
550 4.77596
551 4.77596
552 4.77596
553 4.77596
554 4.77596
555 4.77596
556 4.77596
557 4.77596
558 4.77596
559 4.77596
560 4.77596
561 4.77596
562 4.77596
563 4.77596
564 4.77596
565 4.77596
566 4.77596
567 4.77596
568 4.77596
569 4.77596
570 4.77596
571 4.77596
572 4.77596
573 4.77596
574 4.77596
575 4.77596
576 4.77596
577 4.77596
578 4.77596
579 4.77596
580 4.77596
581 4.77596
582 4.77596
583 4.77596
584 4.77596
585 4.77596
586 4.77596
587 4.77596
588 4.77596
589 4.77596
590 4.77596
591 4.77596
592 4.77596
593 4.77596
594 4.77596
595 4.77596
596 4.77596
597 4.77596
598 4.77596
599 4.77596
600 4.77596
601 4.77596
602 4.77596
603 4.77596
604 4.77596
605 4.77596
606 4.77596
607 4.77596
608 4.77596
609 4.77596
610 4.77596
611 4.77596
612 4.77596
613 4.77596
614 4.77596
615 4.77596
616 4.77596
617 4.77596
618 4.77596
619 4.77596
620 4.77596
621 4.77596
622 4.77596
623 4.77596
624 4.77596
625 4.77596
626 4.77596
627 4.77596
628 4.77596
629 4.77596
630 4.77596
631 4.77596
632 4.77596
633 4.77596
634 4.77596
635 4.77596
636 4.77596
637 4.77596
638 4.77596
639 4.77596
640 4.77596
641 4.77596
642 4.77596
643 4.77596
644 4.77596
645 4.77596
646 4.77596
647 4.77596
648 4.77596
649 4.77596
650 4.77596
651 4.77596
652 4.77596
653 4.77596
654 4.77596
655 4.77596
656 4.77596
657 4.77596
658 4.77596
659 4.77596
660 4.77596
661 4.77596
662 4.77596
663 4.77596
664 4.77596
665 4.77596
666 4.77596
667 4.77596
668 4.77596
669 4.77596
670 4.77596
671 4.77596
672 4.77596
673 4.77596
674 4.77596
675 4.77596
676 4.77596
677 4.77596
678 4.77596
679 4.77596
680 4.77596
681 4.77596
682 4.77596
683 4.77596
684 4.77596
685 4.77596
686 4.77596
687 4.77596
688 4.77596
689 4.77596
690 4.77596
691 4.77596
692 4.77596
693 4.77596
694 4.77596
695 4.77596
696 4.77596
697 4.77596
698 4.77596
699 4.77596
700 4.77596
701 4.77596
702 4.77596
703 4.77596
704 4.77596
705 4.77596
706 4.77596
707 4.77596
708 4.77596
709 4.77596
710 4.77596
711 4.77596
712 4.77596
713 4.77596
714 4.77596
715 4.77596
716 4.77596
717 4.77596
718 4.77596
719 4.77596
720 4.77596
721 4.77596
722 4.77596
723 4.77596
724 4.77596
725 4.77596
726 4.77596
727 4.77596
728 4.77596
729 4.77596
730 4.77596
731 4.77596
732 4.77596
733 4.77596
734 4.77596
735 4.77596
736 4.77596
737 4.77596
738 4.77596
739 4.77596
740 4.77596
741 4.77596
742 4.77596
743 4.77596
744 4.77596
745 4.77596
746 4.77596
747 4.77596
748 4.77596
749 4.77596
750 4.77596
751 4.77596
752 4.77596
753 4.77596
754 4.77596
755 4.77596
756 4.77596
757 4.77596
758 4.77596
759 4.77596
760 4.77596
761 4.77596
762 4.77596
763 4.77596
764 4.77596
765 4.77596
766 4.77596
767 4.77596
768 4.77596
769 4.77596
770 4.77596
771 4.77596
772 4.77596
773 4.77596
774 4.77596
775 4.77596
776 4.77596
777 4.77596
778 4.77596
779 4.77596
780 4.77596
781 4.77596
782 4.77596
783 4.77596
784 4.77596
785 4.77596
786 4.77596
787 4.77596
788 4.77596
789 4.77596
790 4.77596
791 4.77596
792 4.77596
793 4.77596
794 4.77596
795 4.77596
796 4.77596
797 4.77596
798 4.77596
799 4.77596
800 4.77596
801 4.77596
802 4.77596
803 4.77596
804 4.77596
805 4.77596
806 4.77596
807 4.77596
808 4.77596
809 4.77596
810 4.77596
811 4.77596
812 4.77596
813 4.77596
814 4.77596
815 4.77596
816 4.77596
817 4.77596
818 4.77596
819 4.77596
820 4.77596
821 4.77596
822 4.77596
823 4.77596
824 4.77596
825 4.77596
826 4.77596
827 4.77596
828 4.77596
829 4.77596
830 4.77596
831 4.77596
832 4.77596
833 4.77596
834 4.77596
835 4.77596
836 4.77596
837 4.77596
838 4.77596
839 4.77596
840 4.77596
841 4.77596
842 4.77596
843 4.77596
844 4.77596
845 4.77596
846 4.77596
847 4.77596
848 4.77596
849 4.77596
850 4.77596
851 4.77596
852 4.77596
853 4.77596
854 4.77596
855 4.77596
856 4.77596
857 4.77596
858 4.77596
859 4.77596
860 4.77596
861 4.77596
862 4.77596
863 4.77596
864 4.77596
865 4.77596
866 4.77596
867 4.77596
868 4.77596
869 4.77596
870 4.77596
871 4.77596
872 4.77596
873 4.77596
874 4.77596
875 4.77596
876 4.77596
877 4.77596
878 4.77596
879 4.77596
880 4.77596
881 4.77596
882 4.77596
883 4.77596
884 4.77596
885 4.77596
886 4.77596
887 4.77596
888 4.77596
889 4.77596
890 4.77596
891 4.77596
892 4.77596
893 4.77596
894 4.77596
895 4.77596
896 4.77596
897 4.77596
898 4.77596
899 4.77596
900 4.77596
