0.0969496 0 0
0.161583 0 0
0.226216 0 0
0.290849 0 0
0.355482 0 0
0.420115 0 0
0.484748 0 0
0.549381 0 0
0.614014 0 0
0.678647 0 0
0.74328 0 0
0.807913 0 0
0.872546 0 0
0.937179 0 0
1.00181 0.0408781 0.0169322
1.06645 0.501039 0.0554995
1.13108 1.01914 0.0549882
1.19571 1.28186 0.046922
1.26034 1.10212 0.048716
1.32498 1.05178 0.0563114
1.38961 0.833455 0.0450703
1.45424 0.704975 0.0435986
1.51888 0.707529 0.0334067
1.58351 0.547314 0.0322439
1.64814 0.602589 0.0213084
1.71278 0.606155 0.0280997
1.77741 0.593186 0.0252363
1.84204 0.575138 0.0181679
1.90667 0.53681 0.0244695
1.97131 0.513923 0.0211759
2.03594 0.485114 0.0163436
2.10057 0.488791 0.0195889
2.16521 0.469773 0.0185673
2.22984 0.474116 0.0176591
2.29447 0.444319 0.0190006
2.35911 0.421946 0.0199643
2.42374 0.492888 0.0189415
2.48837 0.486764 0.0154043
2.55301 0.521197 0.0168019
2.61764 0.459176 0.0154203
2.68227 0.48992 0.0165204
2.7469 0.490705 0.012209
2.81154 0.443023 0.0160423
2.87617 0.462473 0.0133255
2.9408 0.478749 0.0119605
3.00544 0.439702 0.012261
3.07007 0.471698 0.0111539
3.1347 0.435742 0.00904278
3.19934 0.4642 0.0107338
3.26397 0.462691 0.0137756
3.3286 0.465887 0.00836227
3.39323 0.474447 0.0131826
3.45787 0.475945 0.00921063
3.5225 0.455333 0.00790174
3.58713 0.446514 0.00860294
3.65177 0.451023 0.00711385
3.7164 0.434812 0.00939236
3.78103 0.448462 0.00556556
3.84567 0.471748 0.00889075
3.9103 0.475368 0.00751715
3.97493 0.465807 0.00917583
4.03957 0.475612 0.00630908
4.1042 0.462375 0.00961682
4.16883 0.459431 0.00466471
4.23346 0.470445 0.00449346
4.2981 0.44801 0.00610722
4.36273 0.45448 0.00338744
4.42736 0.465036 0.00536062
4.492 0.467117 0.00421025
4.55663 0.46538 0.00579674
4.62126 0.463344 0.00576456
4.6859 0.485954 0.00473403
4.75053 0.471811 0.000746319
4.81516 0.478701 nan
4.87979 0.476828 0.00302308
4.94443 0.465003 nan
5.00906 0.453081 nan
5.07369 0.464108 nan
5.13833 0.474958 0.000536447
5.20296 0.468622 nan
5.26759 0.48891 nan
5.33223 0.483224 0.00197908
5.39686 0.490663 nan
5.46149 0.507554 nan
5.52612 0.492167 nan
5.59076 0.491941 nan
5.65539 0.488888 nan
5.72002 0.479435 nan
5.78466 0.47614 nan
5.84929 0.48007 nan
5.91392 0.476153 nan
5.97856 0.489133 nan
6.04319 0.488591 nan
6.10782 0.471582 nan
6.17246 0.488688 nan
6.23709 0.471344 nan
6.30172 0.475045 nan
6.36635 0.480638 nan
6.43099 0.480618 nan
6.49562 0.475964 nan
