1.335
1.33505
1.33511
1.33516
1.3352
1.33523
1.33525
1.33526
1.33527
1.33526
1.33523
1.3352
1.33517
1.33516
1.33516
1.3352
1.33526
1.33535
1.33547
1.33559
1.33567
1.33571
1.33564
1.3355
1.33529
1.33508
1.33491
1.33479
1.33473
1.33469
1.33464
1.3346
1.33453
1.33446
1.33441
1.33439
1.3344
1.33443
1.33448
1.33454
1.33461
1.33468
1.33474
1.33479
1.33484
1.3349
1.33494
1.335
1.33505
1.33511
1.33519
1.33528
1.3354
1.33554
1.33567
1.33576
1.33579
1.3357
1.33547
1.33515
1.33481
1.33454
1.3344
1.3344
1.33448
1.3346
1.33473
1.33487
1.33498
1.33508
1.33515
1.33521
1.33526
1.33531
1.33533
1.33534
1.33532
1.33528
1.3352
1.33508
1.33496
1.33482
1.33471
1.33463
1.3346
1.33464
1.33473
1.33487
1.33505
1.33528
1.33552
1.33576
1.33596
1.33605
1.33598
1.33574
1.33537
1.335
1.33472
1.33458
1.33455
1.33458
1.33465
1.3347
1.33473
1.33474
1.33473
1.33472
1.3347
1.33469
1.33469
1.33469
1.33471
1.33473
1.33476
1.33481
1.33486
1.33492
1.33497
1.33503
1.3351
1.33516
1.33523
1.3353
1.33536
1.33544
1.3355
1.33553
1.33556
1.33554
1.3355
1.33544
1.33537
1.3353
1.33523
1.33514
1.33501
1.33483
1.33462
1.33443
1.33429
1.33423
1.33424
1.3343
1.33437
1.33445
1.33452
1.33459
1.33468
1.33478
1.33492
1.33508
1.33528
1.33552
1.3358
1.33611
1.33641
1.33665
1.33677
1.33665
1.33626
1.33565
1.33493
1.33428
1.33385
1.33366
1.33368
1.33385
1.33411
1.3344
1.33467
1.3349
1.33503
1.3351
1.33509
1.33504
1.33497
1.33492
1.3349
1.33489
1.33489
1.33492
1.33496
1.335
1.335
1.33496
1.33488
1.33479
1.33471
1.33468
1.33468
1.33472
1.33478
1.33487
1.33494
1.33499
1.335
1.33499
1.33496
1.33492
1.33485
1.33481
1.33477
1.33477
1.33479
1.33483
1.3349
1.335
1.3351
1.33523
1.33536
1.3355
1.33563
1.33573
1.33576
1.33569
1.33552
1.33526
1.33497
1.3347
1.33451
1.33438
1.33435
1.33438
1.33445
1.33457
1.3347
1.33485
1.335
1.33513
1.33522
1.33527
1.33523
1.33514
1.335
1.33483
1.3347
1.33463
1.33462
1.33467
1.33477
1.33487
1.33498
1.33509
1.33519
1.33526
1.33532
1.33537
1.33541
1.33544
1.33546
1.33546
1.33544
1.3354
1.3353
1.33518
1.33504
1.33488
1.33474
1.33462
1.33453
1.33447
1.33447
1.33448
1.33453
1.33459
1.33465
1.33472
1.33478
1.33484
1.3349
1.33494
1.33498
1.335
1.335
1.33499
1.33497
1.33496
1.33495
1.33495
1.33495
1.33496
1.33496
1.33499
1.33503
1.33506
1.33508
1.3351
1.33509
1.33506
1.33501
1.33494
1.33486
1.3348
1.33477
1.33478
1.33481
1.33488
1.33496
1.33501
1.33504
1.33502
1.33497
1.33487
1.33477
1.33466
1.33459
1.33455
1.33456
1.33465
1.33476
1.33494
1.33517
1.33545
1.33575
1.33603
1.33614
1.33597
1.33547
1.33476
1.33417
1.33391
1.33397
1.33425
1.33459
1.33487
1.33507
1.33516
1.33517
1.33513
1.33505
1.33496
1.33489
1.33483
1.33476
1.33471
1.33468
1.33465
1.33462
1.3346
1.33459
1.33458
1.33458
1.33458
1.33459
1.33462
1.33465
1.3347
1.33478
1.33489
1.33506
1.33531
1.33563
1.33601
1.33637
1.3366
1.3365
1.33603
1.33529
1.33453
1.33396
1.33367
1.33363
1.33378
1.33405
1.33437
1.33468
1.33493
1.33514
1.3353
1.3354
1.33545
1.33542
1.33532
1.33515
1.33496
1.33478
1.33464
1.33458
1.33457
1.3346
1.33465
1.3347
1.33475
1.33478
1.3348
1.33481
1.33479
1.33478
1.33477
1.33477
1.33476
1.33476
1.33476
1.33478
1.3348
1.33484
1.33487
1.33493
1.33502
1.33515
1.33534
1.3356
1.33585
1.33601
1.33589
1.33539
1.33463
1.3339
1.3335
1.33349
1.3337
1.334
1.3343
1.33452
1.33469
1.33481
1.33488
1.33492
1.33495
1.33496
1.33496
1.33495
1.33493
1.33493
1.33491
1.3349
1.33488
1.33486
1.33483
1.33481
1.33479
1.33476
1.33476
1.33477
1.33476
1.33475
1.33476
1.33477
1.33479
1.33482
1.33486
1.33492
1.335
1.33511
1.33523
1.33537
1.33551
1.33563
1.33572
1.33576
1.33572
1.33562
1.33546
1.33528
1.33515
1.33504
1.33498
1.33495
1.33492
1.33487
1.33478
1.33463
1.33442
1.33417
1.33393
1.33375
1.33365
1.33368
1.33378
1.33396
1.33417
1.33439
1.33459
1.33476
1.33492
1.33506
1.33517
1.33529
1.33539
1.33547
1.33555
1.3356
1.33563
1.33563
1.33557
1.33545
1.33528
1.33507
1.33485
1.33464
1.33447
1.33435
1.3343
1.3343
1.33435
1.33443
1.33454
1.33467
1.33482
1.335
1.3352
1.33543
1.33566
1.33585
1.33593
1.33581
1.33552
1.3351
1.33472
1.33451
1.33448
1.33455
1.33469
1.33482
1.33492
1.33501
1.33507
1.33512
1.33514
1.33515
1.33513
1.3351
1.33503
1.33495
1.33486
1.33478
1.33471
1.33467
1.33463
1.33463
1.33465
1.33467
1.3347
1.33473
1.33476
1.3348
1.33481
1.33482
1.33482
1.3348
1.33478
1.33475
1.33473
1.33473
1.33475
1.33479
1.33484
1.33491
1.33497
1.33504
1.3351
1.33516
1.33521
1.33527
1.33532
1.33536
1.33539
1.33541
1.33539
1.33535
1.33527
1.33516
1.33504
1.3349
1.33477
1.33465
1.33456
1.33449
1.33445
1.33443
1.33444
1.33449
1.33455
1.33464
1.33474
1.33484
1.33494
1.33502
1.3351
1.33516
1.33519
1.33518
1.33514
1.33507
1.33498
1.33489
1.33482
1.33478
1.33477
1.33476
1.33476
1.33477
1.33478
1.33478
1.33479
1.33479
1.33479
1.33479
1.33479
1.3348
1.3348
1.33482
1.33484
1.33488
1.33492
1.33498
1.33504
1.33511
1.33516
1.33519
1.33519
1.33516
1.3351
1.33504
1.33496
1.33489
1.3348
1.33472
1.33464
1.33457
1.33451
1.33447
1.33444
1.33444
1.33447
1.3345
1.33455
1.33462
1.33467
1.33472
1.33475
1.33477
1.33476
1.33474
1.33472
1.33469
1.33466
1.33464
1.3346
1.33459
1.33459
1.3346
1.33461
1.33464
1.33467
1.33471
1.33476
1.33483
1.33489
1.33495
1.33499
1.33502
1.33502
1.33496
1.33487
1.33477
1.33465
1.33454
1.33446
1.33441
1.33439
1.33439
1.33442
1.33447
1.33453
1.33462
1.33469
1.33476
1.33484
1.33491
1.33498
1.33505
1.33511
1.33517
1.3352
1.33522
1.33521
1.33513
1.335
1.33481
1.33459
1.3344
1.33424
1.33414
1.33411
1.33413
1.33419
1.33427
1.33435
1.33446
1.33454
1.3346
1.33466
1.33468
1.33471
1.33473
1.33473
1.33473
1.33473
1.33473
1.33475
1.33475
1.33477
1.33479
1.3348
1.33481
1.33483
1.33483
1.33484
1.33484
1.33482
1.33481
1.33479
1.33476
1.33472
1.33468
1.33465
1.33463
1.33461
1.33461
1.33463
1.33467
1.33475
1.33486
1.33499
1.33516
1.33534
1.33551
1.33562
1.33567
1.3356
1.33545
1.33523
1.335
1.33484
1.33473
1.33467
1.33465
1.33465
1.33464
1.33462
1.33459
1.33456
1.33456
1.33458
1.33464
1.33473
1.33484
1.33495
1.33502
1.33505
1.33501
1.3349
1.33473
1.33455
1.33438
1.33426
1.33423
1.33428
1.33437
1.33449
1.33461
1.33474
1.33486
1.33496
1.33502
1.33507
1.33508
1.3351
1.33509
1.3351
1.33512
1.33515
1.33518
1.33522
1.33527
1.33532
1.33537
1.3354
1.33542
1.33541
1.33533
1.33518
1.33496
1.33471
1.33448
1.33431
1.33422
1.33421
1.33425
1.33433
1.33442
1.33451
1.33459
1.33468
1.33475
1.3348
1.33484
1.33488
1.33488
1.33489
1.33491
1.3349
1.3349
1.33489
1.33488
1.33487
1.33487
1.33486
1.33485
1.33485
1.33485
1.33484
1.33485
1.33485
1.33485
1.33485
1.33487
1.33488
1.33491
1.33493
1.33497
1.33502
1.33507
1.33512
1.33518
1.33524
1.33529
1.33533
1.33535
1.33534
1.33529
1.33522
1.33514
1.33507
1.33503
1.33504
1.33508
1.33518
1.33531
1.33544
1.33552
1.33553
1.33544
1.3352
1.33488
1.33453
1.33421
1.334
1.33391
1.33392
1.33401
1.33414
1.33429
1.33442
1.33454
1.33464
1.3347
1.33476
1.3348
1.33482
1.33483
1.33484
1.33483
1.33482
1.33481
1.33479
1.33479
1.3348
1.33482
1.33485
1.3349
1.33497
1.33504
1.33511
1.33519
1.33526
1.33531
1.33535
1.33538
1.33541
1.33544
1.33547
1.33551
1.33554
1.33553
1.33546
1.33532
1.3351
1.33487
1.33465
1.33448
1.33437
1.33434
1.33435
1.33437
1.33441
1.33444
1.33447
1.33451
1.33457
1.33464
1.33471
1.3348
1.33488
1.33496
1.33504
1.3351
1.33515
1.33518
1.33518
1.33516
1.33514
1.3351
1.33506
1.33502
1.33499
1.33498
1.33499
1.335
1.33503
1.33508
1.33513
1.33518
1.33521
1.33523
1.33524
1.33522
1.33519
1.33516
1.33513
1.33512
1.33514
1.33519
1.33526
1.33533
1.33534
1.33526
1.33505
1.33477
1.33449
1.33431
1.33429
1.33441
1.33462
1.33486
1.33506
1.33519
1.33521
1.33515
1.33501
1.33486
1.33473
1.33466
1.33465
1.3347
1.33477
1.33485
1.33494
1.33504
1.33516
1.33528
1.33543
1.33557
1.3357
1.33579
1.33581
1.33575
1.33565
1.33556
1.33552
1.33555
1.33565
1.33577
1.33586
1.33587
1.33578
1.3356
1.33536
1.33513
1.33492
1.33476
1.33466
1.33462
1.33463
1.33467
1.33472
1.33477
1.33481
1.33484
1.33484
1.33483
1.33479
1.33475
1.33471
1.33467
1.33467
1.33468
1.33473
