1.20032
1.20026
1.1998
1.19895
1.19775
1.19628
1.19461
1.19283
1.19104
1.18931
1.18773
1.18634
1.18514
1.18409
1.18308
1.18195
1.1805
1.17852
1.17582
1.17234
1.16814
1.16351
1.15896
1.15511
1.15248
1.15131
1.15148
1.15263
1.15436
1.15642
1.15873
1.16133
1.16431
1.1677
1.17144
1.1754
1.17941
1.18329
1.1869
1.19012
1.19291
1.19524
1.19713
1.1986
1.1997
1.20044
1.20084
1.2009
1.2006
1.1999
1.19872
1.19695
1.19447
1.19117
1.18699
1.18201
1.17656
1.17125
1.16695
1.16449
1.16429
1.16619
1.16948
1.17328
1.17683
1.1797
1.1817
1.18283
1.18319
1.1829
1.18206
1.18079
1.17915
1.17723
1.17511
1.17289
1.1707
1.16872
1.16715
1.1662
1.16606
1.16681
1.16841
1.17066
1.17327
1.17586
1.17806
1.17949
1.17983
1.17881
1.17621
1.17194
1.16615
1.15932
1.15234
1.1464
1.14254
1.14122
1.14215
1.14451
1.14743
1.15026
1.15273
1.15478
1.15654
1.15814
1.15973
1.1614
1.1632
1.16511
1.16709
1.16908
1.17098
1.17273
1.17427
1.17554
1.17651
1.17715
1.17743
1.17734
1.17685
1.17595
1.17461
1.17281
1.17054
1.16782
1.16467
1.16116
1.15743
1.15362
1.14995
1.14658
1.14364
1.14118
1.13919
1.13773
1.13697
1.1372
1.13871
1.14159
1.14561
1.1503
1.15514
1.15973
1.16389
1.16756
1.17076
1.17348
1.17567
1.17722
1.17796
1.17769
1.1762
1.17323
1.16853
1.16188
1.1532
1.14265
1.13083
1.11895
1.10866
1.10173
1.09934
1.10159
1.10755
1.11571
1.12451
1.13268
1.13937
1.14418
1.14707
1.14828
1.14827
1.14756
1.14667
1.14598
1.14567
1.14576
1.14615
1.14668
1.14718
1.1475
1.14757
1.14739
1.1471
1.14694
1.14717
1.14794
1.14927
1.15096
1.15275
1.15435
1.15553
1.15621
1.15641
1.15625
1.15589
1.15551
1.15527
1.1553
1.15567
1.15638
1.15737
1.15852
1.15966
1.16061
1.16119
1.16125
1.16064
1.15926
1.157
1.15381
1.14971
1.14483
1.13949
1.13422
1.12971
1.12664
1.12543
1.12614
1.12844
1.13179
1.13564
1.13951
1.14304
1.14595
1.14804
1.14921
1.14938
1.14861
1.14705
1.14498
1.14282
1.14104
1.14009
1.14022
1.14138
1.14327
1.14545
1.14747
1.149
1.14983
1.14992
1.14929
1.14801
1.14619
1.14393
1.14129
1.13834
1.13514
1.13175
1.12827
1.12483
1.12164
1.1189
1.11686
1.11569
1.11549
1.11627
1.11791
1.12023
1.123
1.126
1.129
1.13183
1.13432
1.1364
1.13802
1.13917
1.13987
1.14018
1.14016
1.1399
1.13949
1.139
1.1385
1.13806
1.13769
1.1374
1.13719
1.13701
1.1368
1.13651
1.13607
1.13545
1.13461
1.13357
1.13238
1.13114
1.13
1.12912
1.12866
1.1287
1.12922
1.13009
1.13109
1.13198
1.13254
1.13266
1.13235
1.13175
1.13109
1.13066
1.13073
1.13147
1.13293
1.13502
1.13752
1.14012
1.14248
1.14422
1.14498
1.1444
1.14213
1.1379
1.13169
1.12406
1.11644
1.111
1.10968
1.1129
1.11916
1.12612
1.13188
1.13556
1.13714
1.1371
1.13607
1.13465
1.13334
1.13244
1.13209
1.13228
1.13293
1.13394
1.13524
1.13678
1.13853
1.14046
1.14254
1.14472
1.14695
1.14919
1.15139
1.15352
1.15556
1.15745
1.15911
1.1604
1.16107
1.16081
1.15917
1.15564
1.14975
1.1413
1.13078
1.11966
1.11029
1.10497
1.10479
1.10915
1.11642
1.12479
1.13274
1.13925
1.14379
1.14625
1.14681
1.14576
1.14346
1.14025
1.13653
1.13272
1.12931
1.12678
1.12546
1.12543
1.12651
1.12832
1.13042
1.13245
1.13421
1.13561
1.13666
1.13744
1.13804
1.13856
1.13908
1.13965
1.14029
1.14102
1.14179
1.14257
1.14332
1.14397
1.14447
1.14479
1.14486
1.14461
1.1439
1.14248
1.14
1.13608
1.13043
1.12332
1.11593
1.11045
1.10922
1.11315
1.12103
1.13043
1.13916
1.1461
1.15102
1.15419
1.15604
1.15696
1.15725
1.15715
1.15681
1.15633
1.1558
1.15526
1.15476
1.15432
1.15399
1.15378
1.15371
1.15379
1.15402
1.15439
1.15489
1.15549
1.15617
1.15691
1.15768
1.15847
1.15926
1.16001
1.1607
1.16124
1.16157
1.16157
1.16111
1.16006
1.15828
1.15568
1.15218
1.14782
1.14273
1.13719
1.13163
1.12654
1.12235
1.11928
1.11731
1.11617
1.11557
1.11526
1.11514
1.11527
1.11585
1.1172
1.11973
1.12382
1.12961
1.13692
1.1452
1.15373
1.16179
1.16885
1.17461
1.17897
1.18197
1.18371
1.18434
1.184
1.18278
1.18077
1.17804
1.17464
1.17065
1.16617
1.16136
1.15647
1.15182
1.14778
1.1447
1.14286
1.14246
1.14351
1.14583
1.14912
1.15298
1.15699
1.16081
1.16418
1.16692
1.1689
1.16996
1.16998
1.16875
1.16608
1.16186
1.1562
1.14961
1.14308
1.13791
1.13516
1.1351
1.13707
1.13992
1.14264
1.14462
1.14568
1.14588
1.14541
1.14445
1.14314
1.1416
1.13994
1.13829
1.1368
1.13566
1.13502
1.13498
1.13554
1.13659
1.13799
1.13958
1.14122
1.14281
1.14426
1.14552
1.14655
1.14734
1.1479
1.14827
1.1485
1.14866
1.14882
1.14907
1.14945
1.14994
1.15048
1.15095
1.15121
1.15114
1.15065
1.14971
1.14832
1.14651
1.14432
1.14179
1.13893
1.13575
1.13228
1.12855
1.12464
1.12069
1.11689
1.11346
1.11063
1.10859
1.10744
1.10722
1.10784
1.1092
1.11111
1.11337
1.1158
1.11818
1.12035
1.12215
1.12347
1.12421
1.12434
1.12382
1.12269
1.12099
1.11883
1.11639
1.11386
1.1115
1.10952
1.10808
1.10725
1.10696
1.10709
1.10748
1.10798
1.10848
1.10893
1.10932
1.10965
1.10995
1.11024
1.11051
1.11079
1.11106
1.11131
1.11151
1.11165
1.11165
1.11146
1.111
1.11018
1.10894
1.10727
1.10519
1.10281
1.10029
1.09783
1.09561
1.09378
1.09244
1.09164
1.09142
1.0918
1.09276
1.09424
1.09616
1.09839
1.10084
1.10336
1.10582
1.10808
1.11004
1.1116
1.11275
1.11353
1.11402
1.11434
1.11462
1.11496
1.11546
1.11616
1.11708
1.11818
1.11945
1.12082
1.12225
1.12366
1.12501
1.12623
1.12724
1.12797
1.12835
1.12832
1.12784
1.12693
1.12564
1.1241
1.12252
1.12112
1.12015
1.11981
1.12021
1.12134
1.12311
1.12534
1.12783
1.13035
1.13274
1.13484
1.13657
1.13787
1.13872
1.13909
1.13898
1.1384
1.13734
1.13583
1.13388
1.13153
1.12885
1.12599
1.12314
1.12062
1.1188
1.11805
1.11862
1.12059
1.1238
1.12792
1.13253
1.13721
1.14164
1.14559
1.14896
1.15173
1.15392
1.15563
1.15694
1.15796
1.1588
1.15952
1.1602
1.16087
1.16153
1.16219
1.16283
1.16342
1.16393
1.16433
1.16463
1.1648
1.16488
1.16486
1.1648
1.16472
1.16468
1.16474
1.16493
1.16532
1.16594
1.16681
1.16792
1.16927
1.17077
1.17235
1.17389
1.17521
1.17614
1.17647
1.17599
1.1745
1.17185
1.16804
1.16324
1.15787
1.15256
1.14798
1.14469
1.1429
1.14246
1.14298
1.14405
1.14533
1.14667
1.14805
1.14954
1.15121
1.15308
1.15507
1.157
1.15867
1.15985
1.16038
1.16021
1.15941
1.15821
1.157
1.15624
1.15638
1.15771
1.16026
1.16379
1.16783
1.17189
1.17553
1.17845
1.18052
1.18171
1.1821
1.18183
1.18107
1.17996
1.17866
1.17726
1.1758
1.1743
1.17271
1.17096
1.169
1.16676
1.16422
1.16135
1.15818
1.15473
1.15108
1.14739
1.14398
1.14128
1.1398
1.13991
1.14164
1.14473
1.14868
1.15296
1.15713
1.16093
1.16421
1.1669
1.16902
1.17062
1.17176
1.17251
1.17297
1.17319
1.17324
1.17319
1.17306
1.17291
1.17276
1.17263
1.17254
1.17249
1.17249
1.17254
1.17264
1.17279
1.17297
1.17318
1.17341
1.17364
1.17385
1.17403
1.17416
1.17421
1.17414
1.17394
1.17355
1.17294
1.17206
1.17087
1.16933
1.16742
1.16515
1.16256
1.15979
1.15698
1.15436
1.15212
1.1504
1.14921
1.14842
1.14777
1.14694
1.14559
1.14349
1.14054
1.13685
1.1328
1.129
1.12626
1.1253
1.1266
1.13015
1.13551
1.14193
1.14862
1.15495
1.16054
1.16519
1.1689
1.17176
1.17392
1.1755
1.17667
1.17752
1.17818
1.17872
1.17922
1.17973
1.18029
1.18093
1.18164
1.1824
1.18316
1.18387
1.18444
1.18477
1.18479
1.1844
1.18356
1.18225
1.18048
1.17832
1.17585
1.17314
1.17024
1.16715
1.16385
1.16029
1.1565
1.15262
1.14897
1.14599
1.14415
1.14382
1.14507
1.14768
1.15121
1.15521
1.1593
1.1633
1.16711
1.17075
1.17419
1.17739
1.18025
1.18268
1.18461
1.18599
1.1868
1.18704
1.18678
1.18607
1.18502
1.18374
1.18237
1.18105
1.17989
1.179
1.17841
1.17812
1.17808
1.17819
1.17835
1.17844
1.17834
1.17797
1.1773
1.17632
1.17506
1.17362
1.17209
1.17061
1.16927
1.16814
1.16723
1.16647
1.16571
1.16473
1.16336
1.16152
1.15936
1.15737
1.15626
1.15676
1.15916
1.16314
1.16785
1.17227
1.17561
1.17744
1.17777
1.17694
1.17556
1.1743
1.17374
1.1742
1.17563
1.17773
1.18008
1.18234
1.18425
1.18567
1.18653
1.18677
1.1863
1.18504
1.1829
1.1798
1.17579
1.17103
1.16588
1.16084
1.15633
1.15251
1.1492
1.14592
1.14214
1.13756
1.13223
1.12655
1.12111
1.11654
1.11332
1.11168
1.11157
1.11272
1.11476
1.11728
1.11992
1.12244
1.12468
1.12658
1.12818
1.12955
1.1308
1.13208
1.13353
1.13525
1.13727
1.13954
1.14193
1.14428
1.14642
