-0.465479
-0.465336
-0.464585
-0.463263
-0.461433
-0.45919
-0.456668
-0.453989
-0.451286
-0.448709
-0.446367
-0.444309
-0.442547
-0.440982
-0.439462
-0.437728
-0.435484
-0.432423
-0.42827
-0.422922
-0.416535
-0.409553
-0.402799
-0.397169
-0.393431
-0.391889
-0.392313
-0.39415
-0.396806
-0.39994
-0.403451
-0.407401
-0.411937
-0.417087
-0.422745
-0.428712
-0.434718
-0.440507
-0.445861
-0.450634
-0.45475
-0.458176
-0.460953
-0.463113
-0.464703
-0.465755
-0.466315
-0.466352
-0.465853
-0.464737
-0.462885
-0.460136
-0.456305
-0.451219
-0.444822
-0.437256
-0.429051
-0.42118
-0.414956
-0.411582
-0.411626
-0.414742
-0.419816
-0.425514
-0.430768
-0.434953
-0.437817
-0.43938
-0.439804
-0.439264
-0.437945
-0.435965
-0.433461
-0.430533
-0.427334
-0.423989
-0.42073
-0.417796
-0.41552
-0.414221
-0.414134
-0.415393
-0.417899
-0.421362
-0.425301
-0.429156
-0.432364
-0.434367
-0.434697
-0.432934
-0.428787
-0.422147
-0.41326
-0.402921
-0.392534
-0.383858
-0.378431
-0.376828
-0.378506
-0.382195
-0.386591
-0.390809
-0.394442
-0.397475
-0.400073
-0.402467
-0.404861
-0.407379
-0.410092
-0.412978
-0.415954
-0.418925
-0.421762
-0.424368
-0.426641
-0.428499
-0.429899
-0.430804
-0.431175
-0.430977
-0.430182
-0.428758
-0.426681
-0.423913
-0.420447
-0.416288
-0.4115
-0.40621
-0.400581
-0.394896
-0.389419
-0.384432
-0.380096
-0.376472
-0.373564
-0.37146
-0.370446
-0.370973
-0.373449
-0.377963
-0.384122
-0.391214
-0.398464
-0.405303
-0.411469
-0.4169
-0.421625
-0.425629
-0.428832
-0.431043
-0.432017
-0.431457
-0.429016
-0.424325
-0.416991
-0.406714
-0.393389
-0.377314
-0.35948
-0.341767
-0.326732
-0.316953
-0.314087
-0.318105
-0.327481
-0.339909
-0.353083
-0.365163
-0.374951
-0.381869
-0.385931
-0.387526
-0.387364
-0.386242
-0.384916
-0.383927
-0.383533
-0.383725
-0.384335
-0.385131
-0.385877
-0.386338
-0.386396
-0.386088
-0.385652
-0.385457
-0.385874
-0.387126
-0.389189
-0.391768
-0.394449
-0.396796
-0.398511
-0.399445
-0.399681
-0.399386
-0.398829
-0.398271
-0.397948
-0.398034
-0.39865
-0.399762
-0.401294
-0.403017
-0.404699
-0.406087
-0.406886
-0.406878
-0.405858
-0.403658
-0.400134
-0.395215
-0.388933
-0.381513
-0.373476
-0.365646
-0.359055
-0.354699
-0.353181
-0.354507
-0.358146
-0.363298
-0.369108
-0.374887
-0.380109
-0.384355
-0.387364
-0.388956
-0.389071
-0.387785
-0.385355
-0.382202
-0.37899
-0.376421
-0.375142
-0.375492
-0.377364
-0.380274
-0.38355
-0.386533
-0.388728
-0.389878
-0.389906
-0.388845
-0.386832
-0.38403
-0.380574
-0.376567
-0.372101
-0.367269
-0.362162
-0.356937
-0.351805
-0.347057
-0.343052
-0.340107
-0.338495
-0.338353
-0.339655
-0.342233
-0.345811
-0.350031
-0.354537
-0.359029
-0.363206
-0.366893
-0.369955
-0.372317
-0.373971
-0.374963
-0.375362
-0.375302
-0.374878
-0.374235
-0.373499
-0.372764
-0.372112
-0.371574
-0.371156
-0.37084
-0.370562
-0.370243
-0.3698
-0.369117
-0.368148
-0.366861
-0.365274
-0.363465
-0.361615
-0.35993
-0.358668
-0.358052
-0.358186
-0.359031
-0.360363
-0.361863
-0.363151
-0.36392
-0.364028
-0.36351
-0.362581
-0.361609
-0.361022
-0.361216
-0.362434
-0.364733
-0.367948
-0.371732
-0.375619
-0.379069
-0.381562
-0.382535
-0.381435
-0.377755
-0.371105
-0.361513
-0.349945
-0.338685
-0.331029
-0.329762
-0.335182
-0.344839
-0.35521
-0.363566
-0.368746
-0.370842
-0.37058
-0.368941
-0.366808
-0.364881
-0.363617
-0.363173
-0.363532
-0.364569
-0.366154
-0.368152
-0.370496
-0.373145
-0.376068
-0.379201
-0.382481
-0.385844
-0.389202
-0.392499
-0.395694
-0.398719
-0.401523
-0.403968
-0.405811
-0.406713
-0.406157
-0.403445
-0.397833
-0.388614
-0.375587
-0.359579
-0.342991
-0.329408
-0.322169
-0.322652
-0.329757
-0.34096
-0.353555
-0.365326
-0.374825
-0.381314
-0.384703
-0.385281
-0.383508
-0.379888
-0.374974
-0.369342
-0.363657
-0.358655
-0.355023
-0.35323
-0.353369
-0.355131
-0.357896
-0.361056
-0.364081
-0.366672
-0.368711
-0.370238
-0.371377
-0.37226
-0.373039
-0.37383
-0.374692
-0.37567
-0.376757
-0.377925
-0.379102
-0.380213
-0.381171
-0.381912
-0.382346
-0.382423
-0.381986
-0.380827
-0.378563
-0.374667
-0.368519
-0.359797
-0.348972
-0.337999
-0.330284
-0.329194
-0.335818
-0.348043
-0.362152
-0.375045
-0.385145
-0.39223
-0.396763
-0.39937
-0.400627
-0.400995
-0.400796
-0.400257
-0.399536
-0.398735
-0.397941
-0.397206
-0.396561
-0.396076
-0.395773
-0.395689
-0.395824
-0.396199
-0.39677
-0.397537
-0.398465
-0.399487
-0.400592
-0.401763
-0.402954
-0.40413
-0.40525
-0.40625
-0.407046
-0.407496
-0.407433
-0.406665
-0.404983
-0.4022
-0.398143
-0.392761
-0.386093
-0.378368
-0.370029
-0.361725
-0.354191
-0.34806
-0.34364
-0.340812
-0.339218
-0.338375
-0.337942
-0.337794
-0.33804
-0.338993
-0.341166
-0.345176
-0.351557
-0.36049
-0.371631
-0.384145
-0.396911
-0.408901
-0.419312
-0.427742
-0.434067
-0.438362
-0.440807
-0.441599
-0.440939
-0.438992
-0.435862
-0.431668
-0.426494
-0.420422
-0.413648
-0.40641
-0.39908
-0.392168
-0.38622
-0.381767
-0.379229
-0.378847
-0.380627
-0.384282
-0.389334
-0.39516
-0.401175
-0.406861
-0.411838
-0.415841
-0.418675
-0.420127
-0.419969
-0.417923
-0.413694
-0.407133
-0.39845
-0.388476
-0.378803
-0.371344
-0.367645
-0.367928
-0.37109
-0.375406
-0.379411
-0.382237
-0.383691
-0.3839
-0.383108
-0.381602
-0.379589
-0.377254
-0.374758
-0.372299
-0.37011
-0.368456
-0.367581
-0.367608
-0.368527
-0.370175
-0.372317
-0.374736
-0.377202
-0.379569
-0.381723
-0.383585
-0.385098
-0.386241
-0.387052
-0.387589
-0.387928
-0.388168
-0.388436
-0.388822
-0.389417
-0.390181
-0.390993
-0.391676
-0.392031
-0.391866
-0.391062
-0.389584
-0.387431
-0.384662
-0.381324
-0.377474
-0.373123
-0.368306
-0.363053
-0.357428
-0.351555
-0.345648
-0.33998
-0.334916
-0.330785
-0.327848
-0.326267
-0.326061
-0.327118
-0.329241
-0.332165
-0.335613
-0.339267
-0.342834
-0.34604
-0.348676
-0.350559
-0.35158
-0.351666
-0.350794
-0.349006
-0.34638
-0.343089
-0.33939
-0.335613
-0.332109
-0.329209
-0.327149
-0.32598
-0.325618
-0.32586
-0.32645
-0.327207
-0.327954
-0.32862
-0.329198
-0.3297
-0.330141
-0.330565
-0.330978
-0.331393
-0.331792
-0.332159
-0.332468
-0.332654
-0.332635
-0.332311
-0.331571
-0.330288
-0.328371
-0.325794
-0.322624
-0.319019
-0.31524
-0.311584
-0.308311
-0.305634
-0.303701
-0.302575
-0.302335
-0.30298
-0.3045
-0.306792
-0.30972
-0.31312
-0.316814
-0.320594
-0.324258
-0.327625
-0.330501
-0.332782
-0.334456
-0.335577
-0.336274
-0.336742
-0.337161
-0.337706
-0.338478
-0.339558
-0.340958
-0.342637
-0.344568
-0.346636
-0.348781
-0.350896
-0.352909
-0.354703
-0.356187
-0.357237
-0.357761
-0.357651
-0.356876
-0.355443
-0.353465
-0.351133
-0.348762
-0.346718
-0.345361
-0.344949
-0.345656
-0.347461
-0.350198
-0.353606
-0.357357
-0.361136
-0.364682
-0.367788
-0.370317
-0.372188
-0.373382
-0.37387
-0.373637
-0.37269
-0.371035
-0.368699
-0.365707
-0.362125
-0.358078
-0.353753
-0.349502
-0.345802
-0.343209
-0.342265
-0.343337
-0.346487
-0.351462
-0.357737
-0.364679
-0.371687
-0.378267
-0.384119
-0.389093
-0.393134
-0.396347
-0.398836
-0.400753
-0.402265
-0.403489
-0.404559
-0.405568
-0.406566
-0.407564
-0.408558
-0.409501
-0.410377
-0.41112
-0.411715
-0.412137
-0.412392
-0.412487
-0.412461
-0.412359
-0.41224
-0.412201
-0.412294
-0.412614
-0.413226
-0.41419
-0.415527
-0.417235
-0.419266
-0.421545
-0.423927
-0.426198
-0.428144
-0.429468
-0.429856
-0.428996
-0.426585
-0.422435
-0.416552
-0.409244
-0.401144
-0.393233
-0.386522
-0.381806
-0.379345
-0.378848
-0.379744
-0.381402
-0.383343
-0.385351
-0.387426
-0.389691
-0.39223
-0.395064
-0.398044
-0.400918
-0.403365
-0.405044
-0.405739
-0.40537
-0.404091
-0.402263
-0.400487
-0.399459
-0.399831
-0.402015
-0.40602
-0.411418
-0.41751
-0.423553
-0.42892
-0.43319
-0.436165
-0.43782
-0.438294
-0.437795
-0.436579
-0.434881
-0.43291
-0.430787
-0.428611
-0.426349
-0.423942
-0.421297
-0.418321
-0.414928
-0.411058
-0.406705
-0.4019
-0.396688
-0.391197
-0.385679
-0.380635
-0.376742
-0.37475
-0.375151
-0.377985
-0.382789
-0.388796
-0.395222
-0.401447
-0.407071
-0.411893
-0.415838
-0.41894
-0.421247
-0.422887
-0.423974
-0.424613
-0.424905
-0.424981
-0.424885
-0.424689
-0.424467
-0.424247
-0.42406
-0.423929
-0.423859
-0.423867
-0.423952
-0.42411
-0.424332
-0.424604
-0.424928
-0.425265
-0.425603
-0.425927
-0.426197
-0.426372
-0.426427
-0.426306
-0.425969
-0.425348
-0.424384
-0.423016
-0.421183
-0.418816
-0.415887
-0.412426
-0.408518
-0.404332
-0.400135
-0.396249
-0.392958
-0.390454
-0.388738
-0.387601
-0.386621
-0.385324
-0.383208
-0.379925
-0.375368
-0.369747
-0.363662
-0.35807
-0.354187
-0.353072
-0.355372
-0.361017
-0.369264
-0.378979
-0.389005
-0.398422
-0.406664
-0.413488
-0.418926
-0.423108
-0.426238
-0.428554
-0.430243
-0.43149
-0.432449
-0.433255
-0.433993
-0.434763
-0.435614
-0.436581
-0.437659
-0.43881
-0.43995
-0.440992
-0.441806
-0.442256
-0.442211
-0.44156
-0.440229
-0.438183
-0.435466
-0.432169
-0.428415
-0.424318
-0.419942
-0.415295
-0.410309
-0.404925
-0.399207
-0.393398
-0.387994
-0.383664
-0.381128
-0.38086
-0.382955
-0.387038
-0.392447
-0.398481
-0.404609
-0.410576
-0.416265
-0.421687
-0.42682
-0.431567
-0.435803
-0.439386
-0.442207
-0.44419
-0.445312
-0.445603
-0.445124
-0.444002
-0.442375
-0.440427
-0.438375
-0.43641
-0.434702
-0.433397
-0.432551
-0.432157
-0.432128
-0.43231
-0.432539
-0.432659
-0.432471
-0.431879
-0.430823
-0.429298
-0.427384
-0.425197
-0.422902
-0.42069
-0.41871
-0.417049
-0.415724
-0.414594
-0.413422
-0.411913
-0.409782
-0.406952
-0.403704
-0.400788
-0.399336
-0.400363
-0.40425
-0.410404
-0.417488
-0.423996
-0.428789
-0.431294
-0.43159
-0.430228
-0.428121
-0.426294
-0.425606
-0.426444
-0.42872
-0.431931
-0.435466
-0.438808
-0.441607
-0.443659
-0.444857
-0.445105
-0.444295
-0.442285
-0.438922
-0.434133
-0.427977
-0.420749
-0.413018
-0.405508
-0.398847
-0.393215
-0.38829
-0.383323
-0.377548
-0.37056
-0.362489
-0.353955
-0.345887
-0.339213
-0.334622
-0.332395
-0.332435
-0.334323
-0.337484
-0.3413
-0.345255
-0.348985
-0.352289
-0.355099
-0.357456
-0.359487
-0.361362
-0.363294
-0.365506
-0.368121
-0.371193
-0.37463
-0.378225
-0.38174
-0.384899
