1.80047
1.80039
1.79969
1.79842
1.79663
1.79442
1.79192
1.78925
1.78656
1.78397
1.78159
1.77951
1.77772
1.77614
1.77462
1.77293
1.77075
1.76777
1.76374
1.75851
1.7522
1.74526
1.73844
1.73266
1.72872
1.72697
1.72722
1.72894
1.73154
1.73463
1.73809
1.742
1.74647
1.75155
1.75716
1.7631
1.76912
1.77494
1.78035
1.78518
1.78936
1.79286
1.79569
1.79791
1.79955
1.80066
1.80126
1.80135
1.80091
1.79985
1.79808
1.79542
1.79171
1.78676
1.78049
1.77302
1.76484
1.75688
1.75043
1.74673
1.74644
1.74929
1.75422
1.75991
1.76525
1.76955
1.77255
1.77425
1.77479
1.77434
1.77309
1.77118
1.76872
1.76584
1.76266
1.75933
1.75605
1.75307
1.75072
1.74931
1.74909
1.75022
1.75261
1.75599
1.7599
1.7638
1.76709
1.76924
1.76975
1.76821
1.76431
1.75791
1.74922
1.73897
1.72852
1.7196
1.7138
1.71183
1.71323
1.71677
1.72114
1.72539
1.72909
1.73217
1.73481
1.73721
1.73959
1.7421
1.74479
1.74767
1.75064
1.75361
1.75647
1.7591
1.7614
1.76331
1.76476
1.76572
1.76615
1.76601
1.76528
1.76392
1.76191
1.75921
1.75581
1.75172
1.747
1.74174
1.73614
1.73044
1.72492
1.71987
1.71546
1.71177
1.70879
1.7066
1.70546
1.7058
1.70807
1.71239
1.71842
1.72545
1.7327
1.7396
1.74584
1.75135
1.75614
1.76022
1.76351
1.76583
1.76694
1.76654
1.7643
1.75984
1.75279
1.74282
1.7298
1.71397
1.69625
1.67842
1.66299
1.6526
1.64901
1.65239
1.66133
1.67356
1.68676
1.69902
1.70906
1.71627
1.7206
1.72242
1.7224
1.72134
1.72
1.71897
1.71851
1.71865
1.71923
1.72002
1.72077
1.72126
1.72136
1.72109
1.72065
1.72042
1.72075
1.72192
1.7239
1.72645
1.72913
1.73152
1.7333
1.73432
1.73462
1.73437
1.73383
1.73326
1.7329
1.73295
1.7335
1.73457
1.73606
1.73778
1.73949
1.74091
1.74179
1.74187
1.74096
1.73888
1.7355
1.73072
1.72456
1.71724
1.70923
1.70133
1.69457
1.68996
1.68815
1.68921
1.69265
1.69768
1.70346
1.70927
1.71456
1.71892
1.72207
1.72381
1.72407
1.72291
1.72057
1.71747
1.71422
1.71156
1.71014
1.71033
1.71206
1.7149
1.71817
1.72121
1.7235
1.72475
1.72488
1.72393
1.72202
1.71929
1.71589
1.71194
1.70751
1.70271
1.69762
1.6924
1.68725
1.68245
1.67835
1.67529
1.67353
1.67324
1.6744
1.67686
1.68034
1.68451
1.689
1.69351
1.69774
1.70148
1.70461
1.70703
1.70875
1.7098
1.71026
1.71024
1.70986
1.70923
1.7085
1.70776
1.70708
1.70653
1.70611
1.70579
1.70551
1.7052
1.70476
1.70411
1.70318
1.70192
1.70036
1.69857
1.69671
1.69499
1.69368
1.69299
1.69305
1.69383
1.69514
1.69664
1.69797
1.6988
1.69899
1.69852
1.69762
1.69663
1.69599
1.69609
1.6972
1.6994
1.70253
1.70628
1.71018
1.71371
1.71633
1.71747
1.7166
1.7132
1.70685
1.69754
1.68609
1.67465
1.6665
1.66453
1.66935
1.67875
1.68918
1.69782
1.70334
1.70571
1.70565
1.7041
1.70198
1.70001
1.69867
1.69814
1.69842
1.6994
1.70092
1.70287
1.70517
1.70779
1.71069
1.7138
1.71708
1.72043
1.72378
1.72708
1.73029
1.73334
1.73618
1.73867
1.74059
1.74161
1.74121
1.73875
1.73346
1.72462
1.71196
1.69618
1.67949
1.66544
1.65746
1.65718
1.66372
1.67463
1.68718
1.69911
1.70887
1.71568
1.71938
1.72022
1.71865
1.71519
1.71038
1.70479
1.69908
1.69397
1.69018
1.68819
1.68815
1.68977
1.69248
1.69563
1.69868
1.70132
1.70341
1.70499
1.70616
1.70706
1.70785
1.70862
1.70947
1.71044
1.71152
1.71268
1.71386
1.71498
1.71595
1.71671
1.71718
1.71729
1.71692
1.71585
1.71372
1.71001
1.70412
1.69565
1.68498
1.67389
1.66568
1.66382
1.66972
1.68155
1.69564
1.70874
1.71915
1.72653
1.73129
1.73406
1.73543
1.73587
1.73572
1.73521
1.7345
1.7337
1.73289
1.73213
1.73149
1.73099
1.73067
1.73057
1.73068
1.73103
1.73158
1.73233
1.73323
1.73425
1.73536
1.73652
1.73771
1.73889
1.74002
1.74104
1.74186
1.74236
1.74235
1.74167
1.74009
1.73743
1.73351
1.72827
1.72172
1.71409
1.70579
1.69745
1.68981
1.68352
1.67892
1.67596
1.67426
1.67336
1.67289
1.67272
1.67291
1.67377
1.6758
1.6796
1.68573
1.69442
1.70538
1.7178
1.73059
1.74268
1.75328
1.76192
1.76845
1.77295
1.77557
1.77652
1.77599
1.77416
1.77115
1.76706
1.76196
1.75598
1.74925
1.74204
1.73471
1.72774
1.72167
1.71704
1.7143
1.7137
1.71526
1.71875
1.72368
1.72946
1.73548
1.74121
1.74627
1.75039
1.75334
1.75495
1.75496
1.75312
1.74912
1.7428
1.7343
1.72441
1.71461
1.70686
1.70274
1.70265
1.7056
1.70988
1.71396
1.71693
1.71852
1.71882
1.71812
1.71667
1.71471
1.7124
1.70991
1.70743
1.7052
1.70349
1.70253
1.70247
1.70331
1.70489
1.70699
1.70937
1.71183
1.71421
1.71639
1.71828
1.71982
1.721
1.72185
1.7224
1.72275
1.72299
1.72323
1.7236
1.72417
1.72491
1.72572
1.72643
1.72682
1.72671
1.72597
1.72456
1.72248
1.71977
1.71649
1.71268
1.70839
1.70363
1.69842
1.69282
1.68696
1.68104
1.67533
1.67019
1.66595
1.66288
1.66117
1.66083
1.66177
1.6638
1.66666
1.67006
1.6737
1.67727
1.68053
1.68323
1.6852
1.68632
1.68651
1.68574
1.68403
1.68148
1.67825
1.67458
1.67079
1.66725
1.66428
1.66213
1.66087
1.66044
1.66064
1.66122
1.66196
1.66272
1.66339
1.66398
1.66448
1.66493
1.66535
1.66577
1.66618
1.66658
1.66696
1.66727
1.66747
1.66748
1.66719
1.66649
1.66527
1.66341
1.6609
1.65778
1.65421
1.65043
1.64674
1.64341
1.64067
1.63866
1.63746
1.63713
1.6377
1.63914
1.64136
1.64423
1.64759
1.65125
1.65503
1.65872
1.66212
1.66505
1.6674
1.66913
1.67029
1.67103
1.67151
1.67193
1.67244
1.67319
1.67424
1.67561
1.67727
1.67917
1.68123
1.68337
1.6855
1.68752
1.68934
1.69086
1.69195
1.69252
1.69248
1.69176
1.69039
1.68846
1.68616
1.68378
1.68168
1.68023
1.67972
1.68031
1.68201
1.68466
1.68802
1.69174
1.69553
1.6991
1.70226
1.70485
1.7068
1.70807
1.70863
1.70847
1.7076
1.70602
1.70375
1.70082
1.6973
1.69328
1.68898
1.68471
1.68093
1.6782
1.67707
1.67793
1.68088
1.6857
1.69188
1.69879
1.70582
1.71246
1.71839
1.72345
1.72759
1.73088
1.73344
1.73541
1.73695
1.7382
1.73929
1.7403
1.7413
1.7423
1.74329
1.74425
1.74513
1.74589
1.7465
1.74694
1.74721
1.74731
1.74729
1.7472
1.74708
1.74703
1.74711
1.7474
1.74798
1.74891
1.75021
1.75189
1.7539
1.75616
1.75853
1.76083
1.76282
1.76421
1.76471
1.76399
1.76174
1.75777
1.75206
1.74486
1.73681
1.72883
1.72197
1.71704
1.71435
1.71368
1.71447
1.71607
1.71799
1.72
1.72207
1.72431
1.72682
1.72963
1.7326
1.7355
1.738
1.73977
1.74057
1.74032
1.73911
1.73732
1.7355
1.73435
1.73457
1.73657
1.7404
1.74568
1.75174
1.75783
1.76329
1.76768
1.77078
1.77256
1.77315
1.77275
1.7716
1.76995
1.76799
1.76589
1.7637
1.76145
1.75906
1.75644
1.7535
1.75015
1.74633
1.74203
1.73727
1.73209
1.72662
1.72109
1.71596
1.71192
1.70971
1.70986
1.71246
1.7171
1.72302
1.72943
1.7357
1.7414
1.74631
1.75035
1.75353
1.75593
1.75764
1.75877
1.75945
1.75978
1.75986
1.75978
1.75959
1.75937
1.75914
1.75895
1.75881
1.75873
1.75873
1.75881
1.75896
1.75918
1.75945
1.75977
1.76011
1.76045
1.76078
1.76105
1.76124
1.76131
1.76121
1.7609
1.76032
1.75941
1.75809
1.7563
1.75399
1.75113
1.74772
1.74385
1.73968
1.73547
1.73154
1.72818
1.7256
1.72381
1.72263
1.72166
1.72041
1.71839
1.71524
1.71081
1.70527
1.69919
1.69351
1.68939
1.68795
1.6899
1.69523
1.70326
1.71289
1.72293
1.73243
1.7408
1.74778
1.75335
1.75765
1.76087
1.76326
1.765
1.76629
1.76727
1.76808
1.76883
1.76959
1.77044
1.77139
1.77245
1.7736
1.77475
1.77581
1.77666
1.77716
1.77718
1.7766
1.77534
1.77337
1.77073
1.76748
1.76377
1.7597
1.75536
1.75073
1.74578
1.74044
1.73475
1.72893
1.72346
1.71898
1.71623
1.71573
1.7176
1.72151
1.72682
1.73282
1.73896
1.74494
1.75067
1.75613
1.76129
1.76608
1.77037
1.77402
1.77692
1.77899
1.78019
1.78056
1.78016
1.7791
1.77752
1.77561
1.77356
1.77157
1.76984
1.76849
1.76761
1.76718
1.76712
1.76729
1.76753
1.76765
1.7675
1.76696
1.76595
1.76447
1.76259
1.76043
1.75814
1.75591
1.7539
1.75221
1.75085
1.74971
1.74856
1.7471
1.74504
1.74228
1.73904
1.73605
1.73439
1.73513
1.73874
1.74471
1.75178
1.75841
1.76341
1.76616
1.76665
1.76541
1.76334
1.76144
1.76061
1.7613
1.76345
1.76659
1.77012
1.77351
1.77637
1.77851
1.7798
1.78015
1.77945
1.77757
1.77435
1.76971
1.76368
1.75654
1.74883
1.74126
1.73449
1.72877
1.72381
1.71888
1.7132
1.70633
1.69835
1.68982
1.68166
1.67481
1.66999
1.66752
1.66735
1.66908
1.67214
1.67592
1.67989
1.68366
1.68701
1.68987
1.69227
1.69432
1.6962
1.69813
1.7003
1.70287
1.7059
1.7093
1.7129
1.71642
1.71963
