0.0599514
0.0599486
0.0599255
0.0598831
0.0598238
0.0597506
0.0596675
0.0595788
0.0594894
0.0594034
0.0593247
0.0592554
0.0591959
0.0591436
0.0590933
0.0590369
0.0589646
0.0588659
0.0587319
0.0585584
0.0583491
0.0581186
0.0578922
0.0577005
0.0575696
0.0575113
0.0575196
0.0575767
0.057663
0.0577656
0.0578805
0.0580103
0.0581587
0.0583273
0.0585134
0.0587107
0.0589104
0.0591037
0.0592831
0.0594436
0.0595823
0.0596984
0.0597926
0.0598661
0.0599206
0.0599574
0.0599773
0.0599805
0.0599657
0.0599307
0.0598717
0.0597837
0.0596604
0.0594961
0.059288
0.0590401
0.0587685
0.0585043
0.0582902
0.0581673
0.0581576
0.0582521
0.0584159
0.0586049
0.058782
0.0589248
0.0590244
0.0590808
0.0590986
0.059084
0.0590425
0.0589789
0.0588975
0.0588019
0.0586962
0.0585856
0.0584766
0.058378
0.0582998
0.0582528
0.0582458
0.058283
0.0583624
0.0584746
0.0586046
0.0587338
0.0588432
0.0589145
0.0589315
0.0588805
0.0587509
0.0585385
0.0582502
0.05791
0.0575628
0.0572669
0.0570744
0.0570088
0.0570551
0.0571728
0.0573178
0.057459
0.0575817
0.0576841
0.0577714
0.0578512
0.0579303
0.0580135
0.058103
0.0581983
0.0582971
0.0583958
0.0584906
0.0585778
0.0586543
0.0587176
0.0587659
0.0587978
0.0588119
0.0588074
0.0587831
0.0587381
0.0586712
0.0585816
0.0584688
0.0583332
0.0581763
0.0580018
0.0578158
0.0576265
0.0574435
0.0572758
0.0571295
0.0570068
0.056908
0.0568353
0.0567973
0.0568088
0.056884
0.0570273
0.0572273
0.0574607
0.0577016
0.0579305
0.0581376
0.0583205
0.0584797
0.0586151
0.0587242
0.0588012
0.0588381
0.058825
0.0587506
0.0586026
0.0583686
0.0580377
0.0576054
0.05708
0.056492
0.0559
0.0553877
0.0550428
0.0549236
0.0550356
0.0553323
0.0557384
0.0561765
0.0565833
0.0569167
0.0571563
0.0573
0.0573604
0.0573596
0.0573245
0.0572802
0.0572457
0.0572305
0.0572351
0.0572544
0.0572807
0.0573055
0.0573217
0.057325
0.0573161
0.0573017
0.0572938
0.057305
0.0573436
0.0574094
0.057494
0.0575831
0.0576624
0.0577213
0.0577552
0.0577653
0.0577572
0.0577392
0.0577202
0.0577084
0.0577099
0.0577283
0.0577638
0.0578131
0.0578703
0.057927
0.0579742
0.0580033
0.0580061
0.0579759
0.0579069
0.0577945
0.0576358
0.0574316
0.0571886
0.0569227
0.0566605
0.056436
0.0562829
0.0562227
0.0562579
0.0563722
0.0565391
0.0567309
0.0569237
0.0570993
0.0572442
0.0573486
0.0574064
0.0574151
0.0573768
0.057299
0.057196
0.0570883
0.057
0.0569527
0.0569589
0.0570165
0.0571108
0.0572194
0.05732
0.057396
0.0574378
0.0574421
0.0574105
0.0573471
0.0572566
0.0571437
0.0570124
0.0568656
0.0567062
0.0565374
0.0563639
0.0561929
0.0560338
0.0558977
0.0557958
0.0557375
0.0557277
0.0557662
0.0558479
0.0559634
0.0561017
0.056251
0.0564005
0.056541
0.0566654
0.056769
0.0568495
0.0569066
0.0569415
0.0569568
0.0569561
0.0569433
0.0569227
0.0568983
0.0568736
0.0568513
0.0568329
0.0568188
0.0568082
0.056799
0.0567887
0.0567742
0.0567526
0.0567216
0.0566799
0.056628
0.0565686
0.0565069
0.05645
0.0564063
0.0563834
0.0563854
0.0564114
0.0564547
0.0565045
0.0565486
0.0565764
0.0565824
0.0565671
0.0565371
0.0565044
0.056483
0.0564863
0.0565232
0.0565961
0.0567002
0.0568246
0.0569541
0.0570713
0.057158
0.0571961
0.0571673
0.0570544
0.0568437
0.0565346
0.0561545
0.0557749
0.055504
0.0554385
0.0555987
0.0559104
0.0562569
0.0565437
0.0567269
0.0568058
0.0568037
0.0567522
0.0566818
0.0566165
0.0565719
0.0565543
0.0565637
0.056596
0.0566465
0.0567112
0.0567878
0.0568748
0.0569709
0.0570743
0.0571829
0.0572941
0.0574055
0.0575151
0.0576214
0.0577228
0.057817
0.0578996
0.0579636
0.0579973
0.0579842
0.0579026
0.0577269
0.0574336
0.0570132
0.0564894
0.0559356
0.0554689
0.0552041
0.0551947
0.0554116
0.0557737
0.0561904
0.0565864
0.0569106
0.0571366
0.0572594
0.0572872
0.0572351
0.0571204
0.0569607
0.0567752
0.0565856
0.0564161
0.0562901
0.0562242
0.0562228
0.0562765
0.0563664
0.0564709
0.0565723
0.0566599
0.0567294
0.0567817
0.0568205
0.0568506
0.0568765
0.0569023
0.0569306
0.0569627
0.0569986
0.0570372
0.0570762
0.0571132
0.0571456
0.0571707
0.0571865
0.0571902
0.0571778
0.0571422
0.0570715
0.0569484
0.0567528
0.0564718
0.0561176
0.0557495
0.0554769
0.0554152
0.0556108
0.0560034
0.0564712
0.0569061
0.0572516
0.0574966
0.0576547
0.0577467
0.0577923
0.057807
0.0578019
0.0577849
0.0577612
0.0577347
0.0577078
0.0576828
0.0576613
0.0576447
0.0576342
0.0576307
0.0576347
0.0576461
0.0576645
0.0576892
0.0577191
0.057753
0.0577898
0.0578284
0.0578678
0.057907
0.0579446
0.0579785
0.0580058
0.0580221
0.058022
0.0579993
0.0579469
0.0578585
0.0577287
0.0575545
0.0573373
0.0570839
0.0568083
0.0565315
0.0562779
0.0560691
0.0559165
0.0558181
0.0557617
0.0557317
0.0557162
0.0557104
0.0557169
0.0557456
0.0558127
0.0559388
0.0561422
0.0564306
0.0567944
0.0572068
0.0576314
0.0580328
0.0583845
0.0586713
0.0588884
0.0590376
0.0591245
0.0591561
0.0591387
0.059078
0.0589781
0.0588422
0.0586731
0.0584743
0.058251
0.0580116
0.0577683
0.0575369
0.0573355
0.0571819
0.0570907
0.0570708
0.0571227
0.0572385
0.0574023
0.0575941
0.0577937
0.057984
0.058152
0.0582886
0.0583868
0.05844
0.0584407
0.0583794
0.0582467
0.0580368
0.057755
0.0574265
0.0571013
0.0568439
0.0567072
0.0567041
0.0568019
0.0569441
0.0570795
0.0571781
0.0572307
0.057241
0.0572177
0.0571696
0.0571043
0.0570277
0.0569451
0.0568629
0.0567889
0.056732
0.0567002
0.0566982
0.0567258
0.0567783
0.056848
0.0569271
0.0570089
0.0570879
0.0571603
0.057223
0.0572741
0.0573134
0.0573413
0.0573597
0.0573712
0.0573791
0.0573873
0.0573997
0.0574184
0.057443
0.05747
0.0574934
0.0575063
0.0575026
0.0574782
0.0574313
0.0573622
0.0572723
0.0571634
0.0570371
0.0568946
0.0567365
0.0565636
0.0563779
0.0561834
0.0559867
0.0557974
0.0556267
0.0554858
0.0553841
0.0553271
0.0553157
0.0553469
0.0554143
0.0555093
0.0556222
0.0557429
0.0558617
0.0559697
0.0560594
0.0561249
0.056162
0.0561682
0.0561426
0.056086
0.0560014
0.0558941
0.0557723
0.0556466
0.055529
0.0554304
0.0553589
0.0553173
0.0553029
0.0553095
0.0553288
0.0553535
0.0553785
0.055401
0.0554203
0.055437
0.0554519
0.055466
0.0554798
0.0554935
0.0555069
0.0555193
0.0555297
0.0555363
0.0555365
0.0555271
0.0555039
0.0554632
0.0554017
0.0553183
0.0552148
0.0550963
0.0549708
0.0548482
0.0547378
0.0546467
0.0545799
0.0545401
0.0545293
0.0545481
0.0545958
0.0546696
0.0547649
0.0548763
0.0549979
0.0551234
0.0552459
0.0553588
0.055456
0.0555339
0.0555912
0.0556299
0.0556544
0.0556704
0.0556842
0.0557014
0.0557263
0.0557611
0.0558066
0.0558617
0.0559247
0.055993
0.056064
0.0561346
0.0562018
0.0562623
0.0563125
0.0563489
0.0563678
0.0563664
0.0563427
0.0562972
0.056233
0.0561566
0.0560776
0.0560081
0.0559599
0.0559429
0.0559624
0.0560188
0.0561069
0.0562182
0.056342
0.0564677
0.0565863
0.0566909
0.0567771
0.056842
0.0568841
0.0569027
0.0568974
0.0568683
0.0568158
0.0567405
0.0566434
0.0565264
0.0563932
0.0562503
0.0561085
0.0559832
0.0558926
0.055855
0.0558835
0.0559814
0.0561413
0.0563465
0.0565759
0.0568091
0.0570296
0.0572265
0.0573943
0.0575319
0.0576412
0.0577261
0.0577915
0.0578425
0.0578841
0.0579202
0.0579539
0.057987
0.0580202
0.0580532
0.0580849
0.0581141
0.0581394
0.0581597
0.0581743
0.0581831
0.0581867
0.058186
0.0581828
0.058179
0.0581771
0.0581798
0.0581896
0.0582089
0.0582396
0.0582827
0.0583384
0.0584052
0.0584803
0.0585591
0.0586353
0.0587013
0.0587477
0.0587642
0.0587401
0.0586657
0.058534
0.0583443
0.0581055
0.0578382
0.0575734
0.0573455
0.0571816
0.0570924
0.0570704
0.0570965
0.0571496
0.0572133
0.0572799
0.0573487
0.057423
0.0575064
0.0575995
0.0576983
0.0577946
0.0578775
0.0579363
0.057963
0.0579544
0.0579145
0.0578549
0.0577944
0.0577565
0.0577635
0.0578299
0.057957
0.0581324
0.0583336
0.0585357
0.0587169
0.0588626
0.0589655
0.0590248
0.0590444
0.0590311
0.058993
0.058938
0.0588732
0.0588033
0.0587308
0.0586559
0.0585766
0.0584898
0.0583921
0.0582808
0.058154
0.0580113
0.0578532
0.0576815
0.0574997
0.0573161
0.0571461
0.0570119
0.0569383
0.0569434
0.0570298
0.0571836
0.0573801
0.0575931
0.0578011
0.0579904
0.0581534
0.0582875
0.0583931
0.0584726
0.0585293
0.058567
0.0585895
0.0586005
0.0586033
0.0586004
0.0585944
0.0585869
0.0585794
0.0585729
0.0585682
0.0585658
0.0585658
0.0585683
0.0585733
0.0585806
0.0585897
0.0586002
0.0586115
0.0586229
0.0586336
0.0586426
0.0586489
0.0586512
0.0586481
0.0586378
0.0586185
0.0585881
0.0585444
0.0584852
0.0584085
0.0583134
0.0582002
0.0580717
0.0579334
0.0577937
0.0576631
0.0575515
0.0574658
0.0574066
0.0573673
0.0573351
0.0572936
0.0572266
0.0571219
0.0569749
0.0567912
0.0565894
0.0564007
0.0562639
0.0562163
0.0562808
0.0564577
0.0567243
0.0570438
0.057377
0.0576926
0.0579705
0.0582021
0.058387
0.0585296
0.0586368
0.0587159
0.0587738
0.0588164
0.0588491
0.0588761
0.0589009
0.0589263
0.0589542
0.0589859
0.0590212
0.0590591
0.0590973
0.0591325
0.0591607
0.0591774
0.0591781
0.0591589
0.0591171
0.0590518
0.0589639
0.0588563
0.058733
0.058598
0.0584537
0.0583002
0.0581358
0.0579585
0.0577697
0.0575766
0.0573948
0.0572463
0.057155
0.0571382
0.0572003
0.0573302
0.0575063
0.0577054
0.0579092
0.0581079
0.0582981
0.0584792
0.0586505
0.0588095
0.0589519
0.0590733
0.0591695
0.0592381
0.0592782
0.0592905
0.0592772
0.0592419
0.0591895
0.059126
0.0590578
0.058992
0.0589344
0.0588898
0.0588604
0.058846
0.058844
0.0588499
0.0588578
0.0588619
0.0588569
0.0588388
0.0588054
0.0587564
0.0586939
0.058622
0.058546
0.058472
0.0584053
0.0583493
0.0583042
0.0582663
0.0582281
0.0581796
0.0581114
0.0580196
0.0579122
0.0578128
0.0577577
0.0577823
0.057902
0.0581003
0.0583347
0.058555
0.058721
0.0588123
0.0588287
0.0587876
0.0587186
0.0586558
0.0586282
0.058651
0.0587222
0.0588265
0.0589437
0.0590561
0.0591513
0.0592222
0.059265
0.0592767
0.0592535
0.0591909
0.0590842
0.0589301
0.05873
0.058493
0.058237
0.0579859
0.0577612
0.0575713
0.0574064
0.0572428
0.0570545
0.0568265
0.0565613
0.0562784
0.0560076
0.0557801
0.0556198
0.055538
0.0555324
0.0555898
0.0556914
0.0558168
0.0559484
0.0560736
0.056185
0.0562799
0.0563595
0.0564276
0.0564901
0.0565539
0.0566259
0.0567114
0.0568119
0.056925
0.0570442
0.0571612
0.0572677
