0.0972093   -0.475178   -0.47181
0.125914   -0.473417   0.340162
0.14657   0.182183   -0.288521
0.128033   -0.131036   0.484772
-0.0689912   -0.486325   -0.12596
0.403946   0.171803   -0.253903
0.484713   -0.451391   -0.296463
0.181039   -0.406379   -0.4404
-0.131216   0.476856   -0.0227122
-0.369497   0.132722   0.447085
0.126535   0.328798   0.234723
-0.188982   0.357395   0.184986
-0.402876   0.228019   0.455734
0.444337   0.320432   -0.394165
0.382172   -0.453394   -0.116918
-0.373517   -0.18005   0.0220204
0.371747   0.374661   -0.461735
0.113936   -0.422452   -0.372716
-0.261943   0.0343563   -0.466528
-0.336385   0.476669   -0.314514
-0.319686   -0.0612302   0.270963
0.0364078   -0.222767   -0.204189
0.408272   -0.316692   0.184553
-0.299468   0.272041   -0.116779
-0.0570359   -0.268942   -0.295807
-0.311045   -0.13962   0.286846
0.233781   0.214874   -0.227125
-0.342958   0.299642   -0.463179
0.484902   0.235264   -0.348327
-0.329948   0.454955   0.380485
-0.337915   0.317871   -0.0290948
0.0141026   0.180519   0.14337
0.131938   0.179852   0.444472
0.0348039   0.354419   0.0607098
0.150985   -0.335949   -0.451552
0.43037   -0.442303   0.0275926
0.108079   -0.336954   0.135892
-0.335482   0.252927   0.304989
0.072126   0.108135   -0.149285
-0.352293   -0.405343   0.186078
-0.108093   0.119016   -0.255924
-0.14826   -0.236695   -0.499782
-0.485106   -0.204766   -0.295231
-0.33731   -0.466404   0.287957
-0.405586   -0.210068   0.304393
0.493312   0.0179878   -0.260522
-0.413818   0.129216   -0.0621675
-0.0507801   0.418432   -0.0174884
-0.133935   0.0539857   -0.322511
-0.221484   0.309546   0.494612
-0.110047   0.419863   0.133305
-0.406456   0.0579314   0.0628919
-0.0102592   -0.115612   0.496806
-0.473934   0.440618   -0.32214
0.474859   -0.0620418   -0.0261546
0.335034   -0.489631   0.203293
-0.0963378   -0.33271   0.380925
0.0389581   0.219642   -0.193045
-0.359935   -0.280744   0.0249728
0.147796   -0.139428   0.115059
-0.163578   0.496052   0.0758123
-0.272378   0.00115642   -0.386264
-0.311739   0.3586   -0.256392
0.00250689   -0.221311   -0.0898172
-0.253919   0.233969   -0.0625942
-0.0284458   -0.444068   -0.463517
-0.280701   0.496485   0.241264
-0.0255468   -0.474275   0.106416
0.472012   0.281584   -0.487272
0.400215   -0.475679   0.115218
-0.274908   -0.379915   0.264455
-0.173896   0.130167   0.00406375
0.249137   -0.456786   -0.465659
-0.254864   0.43923   -0.473793
0.0642962   0.129263   0.101705
-0.147448   0.271797   -0.269456
-0.209562   0.00116432   -0.0631031
-0.152179   -0.196658   -0.262062
0.177607   -0.446359   -0.223779
-0.43874   -0.209777   0.174075
0.116316   0.211962   -0.461157
0.431039   0.310711   -0.248584
-0.0908893   0.309322   0.209665
0.147461   0.488784   -0.158588
0.442583   0.361288   0.261186
-0.000775682   -0.341152   0.194978
0.429276   -0.496578   -0.343686
-0.109319   -0.309324   -0.499386
0.483929   0.0697338   0.366043
0.0133303   0.10741   -0.30455
0.44425   0.351181   0.466001
-0.428703   0.295722   0.394787
0.400034   -0.280699   0.496045
0.0182461   0.355386   0.302694
-0.315617   -0.359012   -0.109535
-0.275779   0.427838   0.283941
-0.218635   -0.26253   -0.452789
-0.0166377   -0.48626   0.180913
0.167493   -0.395811   0.0666136
0.244061   0.40246   0.376966
-0.41724   -0.191465   -0.47565
-0.0683855   0.327187   0.459289
0.348779   -0.353563   0.499232
0.168739   -0.242596   -0.100969
-0.396375   -0.18651   -0.0947093
-0.446471   0.313115   0.28343
0.420828   -0.0240014   0.125185
0.107117   0.060156   0.441023
