0.0969496 0 0
0.161583 0 0
0.226216 0 0
0.290849 0 0
0.355482 0 0
0.420115 0 0
0.484748 0 0
0.549381 0 0
0.614014 0 0
0.678647 0 0
0.74328 0 0
0.807913 0 0
0.872546 0 0
0.937179 0.00518985 0.00513769
1.00181 0.0499622 0.0161098
1.06645 0.549139 0.0431001
1.13108 0.865914 0.0464642
1.19571 1.00125 0.0575805
1.26034 0.987317 0.0517639
1.32498 0.833631 0.0480392
1.38961 0.790956 0.0418714
1.45424 0.687728 0.0423444
1.51888 0.555351 0.0335268
1.58351 0.6055 0.0333908
1.64814 0.609303 0.0356708
1.71278 0.528443 0.0243774
1.77741 0.529682 0.0230572
1.84204 0.509293 0.024045
1.90667 0.528031 0.0216579
1.97131 0.545603 0.0232458
2.03594 0.501614 0.024727
2.10057 0.494991 0.0229258
2.16521 0.551472 0.0212471
2.22984 0.517217 0.0189295
2.29447 0.527466 0.018155
2.35911 0.485033 0.0192272
2.42374 0.492112 0.0194961
2.48837 0.494864 0.018073
2.55301 0.475723 0.0176153
2.61764 0.49245 0.0197187
2.68227 0.54189 0.0170594
2.7469 0.475597 0.0183061
2.81154 0.484556 0.0168773
2.87617 0.484522 0.0165566
2.9408 0.48244 0.0155384
3.00544 0.480592 0.0173847
3.07007 0.459603 0.0171047
3.1347 0.496068 0.0155008
3.19934 0.472664 0.0186924
3.26397 0.479812 0.0167103
3.3286 0.460949 0.0133615
3.39323 0.49108 0.0139907
3.45787 0.472132 0.0133157
3.5225 0.488775 0.0126454
3.58713 0.469194 0.0155784
3.65177 0.469146 0.0132095
3.7164 0.474761 0.0105086
3.78103 0.499815 0.0123172
3.84567 0.465889 0.0110509
3.9103 0.472088 0.0130648
3.97493 0.483412 0.0132208
4.03957 0.468626 0.0123854
4.1042 0.462104 0.0114534
4.16883 0.473075 0.0112207
4.23346 0.485456 0.0111275
4.2981 0.464795 0.0104235
4.36273 0.480354 0.0111616
4.42736 0.48481 0.00995414
4.492 0.474349 0.0103239
4.55663 0.472628 0.0123574
4.62126 0.476796 0.0111507
4.6859 0.486162 0.00932768
4.75053 0.482116 0.0107948
4.81516 0.46454 0.00938093
4.87979 0.474721 0.00938957
4.94443 0.457915 0.0098743
5.00906 0.487975 0.00861403
5.07369 0.47509 0.00941934
5.13833 0.473058 0.00972505
5.20296 0.488162 0.0105867
5.26759 0.477899 0.00710418
5.33223 0.487875 0.0088844
5.39686 0.492698 0.0066733
5.46149 0.481718 0.00801257
5.52612 0.478877 0.00800517
5.59076 0.483771 0.00759032
5.65539 0.494306 0.00838311
5.72002 0.486682 0.00922242
5.78466 0.47614 0.00678813
5.84929 0.47194 0.00757861
5.91392 0.489061 0.00790179
5.97856 0.479054 0.00760828
6.04319 0.481973 0.00757665
6.10782 0.471582 0.006937
6.17246 0.483302 0.0068517
6.23709 0.491272 0.00883083
6.30172 0.487562 0.00678332
6.36635 0.497176 0.00672025
6.43099 0.472458 0.00684714
6.49562 0.484934 0.00702542
