-0.358823
-0.319014
-0.41286
-0.396873
-0.456437
-0.452368
-0.427895
-0.403278
-0.41268
-0.397018
-0.362693
-0.435137
-0.462198
-0.415274
-0.353046
-0.451576
-0.442589
-0.393944
-0.406354
-0.349201
-0.421498
-0.407706
-0.419338
-0.432392
-0.377991
-0.434181
-0.388172
-0.44483
-0.514529
-0.472923
-0.443097
-0.411983
-0.428253
-0.440159
-0.440715
-0.325356
-0.363274
-0.414341
-0.38174
-0.385884
-0.429938
-0.446024
-0.414536
-0.367106
-0.380351
-0.408566
-0.394498
-0.3762
-0.37164
-0.383231
-0.392482
-0.377141
-0.426669
-0.44122
-0.372109
-0.46467
-0.483522
-0.510708
-0.42821
-0.442907
-0.405639
-0.432252
-0.384559
-0.398134
-0.382064
-0.406639
-0.46539
-0.570396
-0.562465
-0.543017
-0.488159
-0.479832
-0.494403
-0.425007
-0.39215
-0.36932
-0.366081
-0.344792
-0.286009
-0.328761
-0.388055
-0.327099
-0.316748
-0.395389
-0.39536
-0.383039
-0.425229
-0.390911
-0.394348
-0.408793
-0.430774
-0.466221
-0.464384
-0.426209
-0.447363
-0.511864
-0.518436
-0.451849
-0.371896
-0.320626
-0.331853
-0.349422
-0.343587
-0.376827
-0.36403
-0.371738
-0.429755
-0.42521
-0.452525
-0.48754
-0.396122
-0.439616
-0.457946
-0.408706
-0.422428
-0.469855
-0.410387
-0.396961
-0.387179
-0.446449
-0.422168
-0.465222
-0.409858
-0.380576
-0.410291
-0.323903
-0.402298
-0.420981
-0.397011
-0.389527
-0.424717
-0.384342
-0.39786
-0.372433
-0.399616
-0.365773
-0.387853
-0.354495
-0.371502
-0.372543
-0.330959
-0.385709
-0.459489
-0.417398
-0.494013
-0.4268
-0.452462
-0.476344
-0.387285
-0.39691
-0.420065
-0.371334
-0.377646
-0.428988
-0.406948
-0.425368
-0.421393
-0.331552
-0.361298
-0.369272
-0.310687
-0.362926
-0.422652
-0.410107
-0.395783
-0.460793
-0.428573
-0.440247
-0.492746
-0.436343
-0.376634
-0.438266
-0.420848
-0.346697
-0.323242
-0.393036
-0.435078
-0.385016
-0.414235
-0.445518
-0.468242
-0.506239
-0.501938
-0.522614
-0.436292
-0.466024
-0.440494
-0.368827
-0.331559
-0.319899
-0.395254
-0.401093
-0.368274
-0.407814
-0.391644
-0.371934
-0.414537
-0.370368
-0.413511
-0.411362
-0.441337
-0.428832
-0.423959
-0.404983
-0.436001
-0.465096
-0.445958
-0.406741
-0.384336
-0.368285
-0.359414
-0.38013
-0.356422
-0.429879
-0.4213
-0.407584
-0.503633
-0.5386
-0.509645
-0.556733
-0.536656
-0.512136
-0.529698
-0.440802
-0.422118
-0.434234
-0.415974
-0.47427
-0.442125
-0.39098
-0.443607
-0.452244
-0.384054
-0.362295
-0.380981
-0.403143
-0.424065
-0.454783
-0.429822
-0.428517
-0.446817
-0.497772
-0.390464
-0.512791
-0.408059
-0.407024
-0.471165
-0.447828
-0.4038
-0.395492
-0.408348
-0.363805
-0.335504
-0.391936
-0.439052
-0.502364
-0.477045
-0.442367
-0.482772
-0.474102
-0.448788
-0.470212
-0.453816
-0.391481
-0.384526
-0.389662
-0.384513
-0.383867
-0.422878
-0.453775
-0.427547
-0.349018
-0.410557
-0.398772
-0.399014
-0.464568
-0.51821
-0.446814
-0.460616
-0.438827
-0.5296
-0.49695
-0.495231
-0.471193
-0.454128
-0.41394
-0.46491
-0.403605
-0.388534
-0.392166
-0.406543
-0.396493
-0.412467
-0.375444
-0.401292
-0.408715
-0.400661
-0.390258
-0.382233
-0.394967
-0.438386
-0.472044
-0.428131
-0.456309
-0.434449
-0.496024
-0.496082
-0.46153
-0.410031
-0.398911
-0.38748
-0.469887
-0.381711
-0.406107
-0.394699
-0.401205
-0.373608
-0.37177
-0.436515
-0.435714
-0.441825
-0.457271
-0.419603
-0.383394
-0.450953
-0.428432
-0.411042
-0.340642
-0.414528
-0.431221
-0.355799
-0.43235
-0.389383
-0.351635
-0.47321
-0.487776
-0.531684
-0.537369
-0.483143
-0.485882
-0.484876
-0.39702
-0.426416
-0.356898
-0.378493
-0.477697
-0.437217
-0.36915
-0.350758
-0.326769
-0.323889
-0.248729
-0.318132
-0.385321
-0.376027
-0.375162
-0.366213
-0.310743
-0.409154
-0.426686
-0.440038
-0.523168
-0.506346
-0.455207
-0.435224
-0.467233
-0.400247
-0.376038
-0.380228
-0.39973
-0.436807
-0.405184
-0.419769
-0.416549
-0.458962
-0.394886
-0.372139
-0.475264
-0.501136
-0.435073
-0.48068
-0.459889
-0.5295
-0.563943
-0.466552
-0.472424
-0.470524
-0.504445
-0.427605
-0.425937
-0.374734
-0.364654
-0.394858
-0.388804
-0.380517
-0.352113
-0.358791
-0.385983
-0.440142
-0.38167
-0.440889
-0.460881
-0.483197
-0.423721
-0.350685
-0.353571
-0.403094
-0.364209
-0.4132
-0.410323
-0.42368
-0.468295
-0.406439
-0.397138
-0.338098
-0.36922
-0.374975
-0.379052
-0.346909
-0.339659
-0.432343
-0.440953
-0.385812
-0.283848
-0.351153
-0.383812
-0.376539
-0.370468
-0.312265
-0.283896
-0.354389
-0.344177
-0.372552
-0.344399
-0.37292
-0.433559
-0.407453
-0.41452
-0.422505
-0.407347
-0.403283
-0.344387
-0.35861
-0.362979
-0.451027
-0.408292
-0.361252
-0.407577
-0.484634
-0.451941
-0.479752
-0.540827
-0.457117
-0.470158
-0.431445
-0.461547
-0.472967
-0.456474
-0.431616
-0.458348
-0.431461
-0.48467
-0.43651
-0.400651
-0.354573
-0.32073
-0.392911
-0.502297
-0.485805
-0.485709
-0.506851
-0.552458
-0.546031
-0.449502
-0.415111
-0.340342
-0.344594
-0.333799
-0.357083
-0.395547
-0.453706
-0.5307
-0.491802
-0.4994
-0.43844
-0.433507
-0.472369
-0.374801
-0.409018
-0.422363
-0.380681
-0.409533
-0.419741
-0.426419
-0.499232
-0.553479
-0.558506
-0.445965
-0.445467
-0.487855
-0.445463
-0.405589
-0.438107
-0.35843
-0.374041
-0.377712
-0.369332
-0.440985
-0.423582
-0.43279
-0.405615
-0.401352
-0.349406
-0.332744
-0.356164
-0.390469
-0.422059
-0.422299
-0.395953
-0.451106
-0.477639
-0.431964
-0.364899
-0.356553
-0.358302
-0.411335
-0.460075
-0.392325
-0.396294
-0.325937
-0.403456
-0.457417
-0.401941
-0.399125
-0.386736
-0.354853
-0.384914
-0.33281
-0.382179
-0.459414
-0.370165
-0.396448
-0.402525
-0.448203
-0.420178
-0.387055
-0.395473
-0.366066
-0.393364
-0.353331
-0.369481
-0.305758
-0.369984
-0.402436
-0.37089
-0.381703
-0.380701
-0.393007
-0.354257
-0.342473
-0.364063
-0.37575
-0.360481
-0.371684
-0.438257
-0.500966
-0.514337
-0.473909
-0.496713
-0.410452
-0.458509
-0.43926
-0.518479
-0.512881
-0.49287
-0.463848
-0.460104
-0.426859
-0.395354
-0.421643
-0.41331
-0.35977
-0.402953
-0.440562
-0.391543
-0.417178
-0.405258
-0.379873
-0.359837
-0.410998
-0.42567
-0.41176
-0.409538
-0.397459
-0.448648
-0.470414
-0.553082
-0.549171
-0.536015
-0.580654
-0.540347
-0.577004
-0.456864
-0.457178
-0.473291
-0.443898
-0.406985
-0.43086
-0.374986
-0.31165
-0.40449
-0.448582
-0.478028
-0.363785
-0.439547
-0.404942
-0.38771
-0.436886
-0.420724
-0.351723
-0.334114
-0.343544
-0.401224
-0.417169
-0.347017
-0.402839
-0.419493
-0.334147
-0.389705
-0.359127
-0.378224
-0.406609
-0.404889
-0.418942
-0.37868
-0.39064
-0.427761
-0.408287
-0.433395
-0.484572
-0.456998
-0.401121
-0.377697
-0.460023
-0.44224
-0.419137
-0.363935
-0.35931
-0.348595
-0.392961
-0.469674
-0.462891
-0.347724
-0.345077
-0.38112
-0.379474
-0.371322
-0.41465
-0.450315
-0.442888
-0.439178
-0.473387
-0.477331
-0.391708
-0.450109
-0.487764
-0.484763
-0.449073
-0.4193
-0.490944
-0.479685
-0.422557
-0.397901
-0.407866
-0.39178
-0.441309
-0.39894
-0.388145
-0.374642
-0.422219
-0.411984
-0.351599
-0.437393
-0.353307
-0.35871
-0.341951
-0.373627
-0.351836
-0.371004
-0.360715
-0.37435
-0.357976
-0.385749
-0.372083
-0.396987
-0.361194
-0.31192
-0.322096
-0.371741
-0.417182
-0.392772
-0.377087
-0.396513
-0.434182
-0.495019
-0.438038
-0.41121
-0.408346
-0.423519
-0.493039
-0.438077
-0.411967
-0.364081
-0.366301
-0.386614
-0.415557
-0.4367
-0.479636
-0.473116
-0.45189
-0.547366
-0.510523
-0.482602
-0.42078
-0.397986
-0.416318
-0.384895
-0.400462
-0.4143
-0.414055
-0.413843
-0.384082
-0.379954
-0.39036
-0.39501
-0.483715
-0.452645
-0.403281
-0.404508
-0.403358
-0.401804
-0.327556
-0.369082
-0.384077
-0.355456
-0.440699
-0.442966
-0.364768
-0.420796
-0.429998
-0.366054
-0.341183
-0.381104
-0.377831
-0.412755
-0.423857
-0.379232
-0.287019
-0.371566
-0.31262
-0.373474
-0.375317
-0.38746
-0.388649
-0.382839
-0.401358
-0.429669
-0.464978
-0.483126
-0.473821
-0.411177
-0.440851
-0.482406
-0.451958
-0.4199
-0.453646
-0.366254
-0.37639
-0.346634
-0.417887
-0.476902
-0.532337
-0.553426
-0.463413
-0.457077
-0.464966
-0.446004
-0.429151
-0.435719
-0.4234
-0.449126
-0.374037
-0.338387
-0.292907
-0.338754
-0.40642
-0.335606
-0.413994
-0.503302
-0.450949
-0.394227
-0.469807
-0.479375
-0.420107
-0.355821
-0.366554
-0.365851
-0.419708
-0.374466
-0.402899
-0.422127
-0.398756
-0.394407
-0.437968
-0.345943
-0.350118
-0.41986
-0.443553
-0.397848
-0.43035
-0.421616
-0.504565
-0.462859
-0.493138
-0.422886
-0.440424
-0.392073
-0.407438
-0.408466
-0.38775
-0.403998
-0.389497
-0.396706
-0.426584
-0.374136
-0.433934
-0.379294
-0.404334
-0.454007
-0.412598
-0.368407
-0.400907
-0.377588
-0.37491
-0.354334
-0.379473
-0.364544
-0.422913
-0.347321
-0.290964
-0.40794
-0.407116
-0.370001
-0.366809
-0.405312
-0.420194
-0.386914
-0.364133
-0.425064
-0.424215
-0.389349
-0.363786
-0.392108
-0.433425
-0.455307
-0.433166
-0.494127
-0.514597
-0.475718
-0.340263
-0.395403
-0.446263
-0.405516
-0.368272
-0.440797
-0.46541
-0.419538
-0.329917
-0.361398
-0.323268
-0.357638
-0.340157
-0.4302
-0.419833
-0.359846
-0.358267
-0.391922
-0.41507
-0.403055
-0.416532
-0.486031
-0.506463
-0.411631
-0.382665
-0.353205
-0.379754
-0.392436
-0.410151
-0.393791
-0.385018
-0.384944
-0.383258
-0.385236
-0.407485
-0.33381
-0.340146
-0.371382
-0.351451
-0.374154
-0.425235
-0.465294
-0.4309
-0.36904
-0.385975
-0.376977
-0.390533
-0.429714
-0.423841
-0.429152
-0.448512
-0.460213
-0.356099
-0.323577
-0.413433
-0.470612
-0.413503
-0.364876
-0.284181
-0.352147
-0.395127
-0.385176
-0.354955
-0.375216
-0.368554
-0.42233
-0.418222
-0.379943
-0.375228
-0.39486
-0.369143
-0.414604
-0.39532
-0.390375
-0.412396
-0.428173
-0.416922
-0.464968
-0.471404
-0.479599
-0.605286
-0.516638
-0.559352
-0.519224
-0.498903
-0.42458
-0.544339
-0.461009
-0.478015
-0.418065
-0.42691
-0.400486
-0.327145
-0.42502
-0.413465
-0.478113
-0.424978
-0.422211
-0.437305
-0.383806
-0.432136
-0.408538
-0.419003
-0.468
-0.460829
-0.443479
-0.360074
-0.389173
-0.395181
-0.398795
-0.413476
-0.429087
-0.463894
-0.417101
-0.461755
-0.334109
-0.377963
-0.364257
-0.418512
-0.380128
-0.385061
-0.365649
-0.395011
-0.372366
-0.375373
-0.343751
-0.386999
-0.415262
-0.409278
-0.402645
-0.401934
-0.392887
-0.396873
-0.393272
-0.406863
-0.386697
-0.32928
-0.425547
-0.43313
-0.420658
-0.369935
-0.392746
-0.389619
-0.286199
-0.354146
-0.334586
-0.351221
-0.426064
-0.393045
-0.371074
-0.329674
-0.40438
-0.47074
-0.454607
-0.400923
-0.397052
-0.39991
-0.388189
-0.339439
-0.337086
-0.344859
-0.382921
-0.406373
-0.360003
-0.334801
-0.346145
-0.40571
-0.415224
-0.343196
-0.422999
-0.39617
-0.34982
-0.377134
-0.328035
-0.326659
-0.432722
-0.446937
-0.370615
-0.404665
-0.393032
-0.40679
-0.376825
-0.360723
-0.41454
-0.394953
-0.377429
-0.379414
-0.417606
-0.282434
-0.310326
-0.404361
-0.40839
-0.363891
-0.350013
-0.340874
-0.441087
-0.296775
-0.253176
-0.441369
-0.359837
-0.437898
-0.458775
-0.447473
-0.414496
-0.381152
-0.402527
-0.469342
-0.461749
-0.440521
-0.480603
-0.426291
-0.310606
-0.325855
-0.342082
-0.375622
-0.369773
-0.324823
-0.334391
-0.368539
-0.352518
-0.362061
-0.352802
-0.294877
-0.339442
-0.340163
-0.410313
-0.407383
-0.372907
-0.452011
-0.410173
-0.422366
-0.514682
-0.453652
-0.44615
-0.362544
-0.410174
-0.362813
-0.407759
-0.469462
-0.380447
-0.349011
-0.408175
-0.355281
-0.371702
-0.35945
-0.375396
-0.455217
-0.449574
-0.415684
-0.479695
-0.476772
-0.431424
-0.417604
-0.50864
-0.486562
-0.448222
-0.380555
-0.333602
-0.387937
-0.37602
-0.40566
-0.354956
-0.362338
-0.418118
-0.408936
-0.4009
-0.406674
-0.392138
-0.333363
-0.406189
-0.371615
-0.33376
-0.349735
-0.391351
-0.435579
-0.44625
-0.470942
-0.444004
-0.442659
-0.441525
-0.393772
-0.392601
-0.337868
-0.354966
-0.374539
-0.358944
-0.329378
-0.380338
-0.382846
-0.355683
-0.361065
-0.385263
-0.399959
-0.363641
-0.412288
-0.410038
-0.476681
-0.424038
-0.392902
-0.46756
-0.473934
-0.474087
-0.523714
-0.477124
-0.43616
-0.438471
-0.489872
-0.456595
-0.439241
-0.341917
-0.435245
-0.439427
-0.393947
-0.476133
-0.526822
-0.508804
-0.382029
-0.39273
-0.391913
-0.368098
-0.388661
-0.41767
-0.446716
-0.484086
-0.352137
-0.32273
-0.383929
-0.395797
-0.444585
-0.424099
-0.383728
-0.410267
-0.422927
-0.422599
-0.387469
-0.377125
-0.374085
-0.34406
-0.347594
-0.415628
-0.396543
-0.344191
-0.392037
-0.434305
-0.445508
-0.391713
-0.414901
-0.377297
-0.390494
-0.36178
-0.312675
-0.334135
-0.34533
-0.40812
-0.36307
-0.43266
-0.483447
-0.471552
-0.428492
-0.436452
-0.443558
-0.397136
-0.408495
-0.440346
-0.384334
-0.438957
-0.396733
-0.378481
-0.428366
-0.440558
-0.387508
-0.375116
-0.391044
-0.403984
-0.373927
-0.343704
-0.366699
-0.369857
-0.386605
-0.461637
-0.383572
-0.444928
-0.475767
-0.461311
-0.451432
-0.426832
-0.472631
-0.44
-0.408971
-0.400379
-0.359605
-0.349484
-0.391091
-0.410826
-0.440611
-0.495101
-0.547903
-0.522188
-0.42076
-0.463745
-0.486445
-0.440714
-0.484367
-0.487369
-0.45227
-0.385268
-0.405074
-0.368707
-0.388243
-0.413515
-0.342766
-0.318039
-0.29024
-0.345138
-0.352364
-0.438094
-0.415265
-0.458922
-0.495442
-0.433967
-0.43055
-0.367364
-0.352942
-0.45359
-0.379482
-0.366655
-0.360339
-0.390057
-0.386447
-0.321087
-0.361085
-0.40444
-0.402039
-0.355149
-0.398366
-0.324546
-0.347719
-0.384211
-0.378691
-0.358625
-0.416206
-0.372865
-0.452812
-0.458216
-0.447215
-0.474967
-0.405469
-0.41226
-0.441744
-0.431302
-0.473677
-0.492168
-0.436163
-0.384306
-0.393552
-0.402225
-0.423102
-0.41126
-0.399669
-0.39058
-0.376711
-0.375514
-0.451602
-0.444663
-0.389865
-0.384423
-0.437026
-0.458938
-0.384856
-0.422791
-0.379433
-0.408138
-0.382402
-0.37866
-0.363561
-0.374303
-0.402282
-0.409274
-0.452918
-0.512276
-0.487267
-0.503956
-0.520131
-0.543312
-0.456775
-0.42764
-0.411632
-0.360144
-0.460567
-0.430537
-0.453002
-0.452433
-0.386619
-0.446471
-0.34628
-0.426407
-0.399223
-0.421534
-0.461597
-0.436682
-0.378957
-0.395538
-0.302682
-0.337123
-0.321999
-0.424241
-0.37496
-0.435166
-0.504886
-0.464972
-0.384603
-0.390384
-0.472034
-0.445389
-0.369358
-0.416643
-0.412116
-0.355268
-0.386068
-0.396813
-0.385922
-0.346243
-0.316921
-0.383004
-0.369914
-0.332989
-0.432444
-0.411371
-0.415877
-0.444926
-0.432947
-0.451191
-0.434059
-0.40481
-0.432919
-0.463603
-0.451307
-0.377458
-0.415742
-0.337501
-0.437389
-0.419386
-0.420124
-0.37116
-0.413532
-0.344574
-0.411283
-0.44615
-0.440316
-0.379881
-0.347187
-0.379468
-0.340045
-0.407205
-0.431189
-0.425707
-0.322931
-0.419746
-0.388651
-0.421275
-0.358847
-0.388928
-0.362644
-0.377683
-0.426997
-0.455116
-0.390671
-0.351742
-0.383924
-0.383103
-0.446622
-0.343808
-0.397187
-0.473088
-0.390425
-0.397136
-0.354998
-0.305882
-0.334538
-0.388252
-0.420914
-0.441427
-0.409941
-0.429117
-0.37812
-0.38153
-0.399875
-0.395996
-0.325338
-0.34625
-0.294975
-0.318949
-0.399749
-0.382348
-0.403967
-0.464266
-0.46194
-0.443978
-0.414755
-0.418268
-0.387196
-0.390226
-0.35388
-0.397114
-0.371122
-0.407214
-0.414755
-0.374752
-0.355005
-0.386416
-0.342255
-0.356235
-0.319737
-0.318584
-0.367
-0.398199
-0.377322
-0.350867
-0.400039
-0.411111
-0.387768
-0.442894
-0.480118
-0.418283
-0.41825
-0.380604
-0.390445
-0.456548
-0.449336
-0.422973
-0.48531
-0.539046
-0.473315
-0.464277
-0.431691
-0.43075
-0.377121
-0.385551
-0.389046
-0.40517
-0.347378
-0.350611
-0.407483
-0.388394
-0.37769
-0.362359
-0.350414
-0.393912
-0.49954
-0.478027
-0.460183
-0.519471
-0.49184
-0.438775
-0.369835
-0.36933
-0.368559
-0.392352
-0.350341
-0.328487
-0.305009
-0.346227
-0.377121
-0.320238
-0.370143
-0.366488
-0.332227
-0.42332
-0.434877
-0.380179
-0.413875
-0.388726
-0.336676
-0.380623
-0.446137
-0.461341
-0.406099
-0.355197
-0.358557
-0.442749
-0.414227
-0.389556
-0.419801
-0.461961
-0.390846
-0.398602
-0.388647
-0.423539
-0.375102
-0.40512
-0.467861
-0.473042
-0.518341
-0.444564
-0.51678
-0.469021
-0.465684
-0.49933
-0.418193
-0.46587
-0.411639
-0.391599
-0.418819
-0.418774
-0.483791
-0.46144
-0.467043
-0.393135
-0.352063
-0.371042
-0.330833
-0.361335
-0.328126
-0.337452
-0.354924
-0.449875
-0.359029
-0.32877
-0.372875
-0.424463
-0.365752
-0.378288
-0.389943
-0.362709
-0.335209
-0.431457
-0.406558
-0.403887
-0.433961
-0.426465
-0.485016
-0.365199
-0.394453
-0.356977
-0.479983
-0.488051
-0.536599
-0.537463
-0.484435
-0.472936
-0.420892
-0.373746
-0.352429
-0.408806
-0.454291
-0.412808
-0.480164
-0.485896
-0.421024
-0.472637
-0.438724
-0.480605
-0.455645
-0.468499
-0.481951
-0.476316
-0.501379
-0.506728
-0.449653
-0.429522
-0.435893
-0.482943
-0.466027
-0.44629
-0.453313
-0.447956
-0.416733
-0.502206
-0.44674
-0.385962
-0.345496
-0.468272
-0.540084
-0.522926
-0.502576
-0.529029
-0.498782
-0.401294
-0.456891
-0.403927
-0.370075
-0.392027
-0.382142
-0.33608
-0.407587
-0.436457
-0.382019
-0.378378
-0.424541
-0.39719
-0.497003
-0.499504
-0.399801
-0.38618
-0.39813
-0.4665
-0.435625
-0.474284
-0.470354
-0.397316
-0.426533
-0.412554
-0.328733
-0.435729
-0.418762
-0.411456
-0.422446
-0.40144
-0.430292
-0.45371
-0.438481
-0.428729
-0.410772
-0.354038
-0.401441
-0.364384
-0.404772
-0.372751
-0.448748
-0.458851
-0.468578
-0.477679
-0.437258
-0.449272
-0.455068
-0.435435
-0.484186
-0.47987
-0.46495
-0.425509
-0.460132
-0.480812
-0.391679
-0.365353
-0.415279
-0.464197
-0.42708
-0.399644
-0.359263
-0.339768
-0.397054
-0.444216
-0.422689
-0.419933
-0.396347
-0.434314
-0.417529
-0.3947
-0.404565
-0.42391
-0.423064
-0.481904
-0.449482
-0.516592
-0.564247
-0.544881
-0.586923
-0.556016
-0.492049
-0.435581
-0.450169
-0.444561
-0.440776
-0.412306
-0.347004
-0.329687
-0.348064
-0.384063
-0.342753
-0.398471
-0.440821
-0.474449
-0.514586
-0.469175
-0.460004
-0.487075
-0.465177
-0.473361
-0.420727
-0.455508
-0.403309
-0.42538
-0.402071
-0.350913
-0.376293
-0.404387
-0.373381
-0.434611
-0.413525
-0.39698
-0.395656
-0.413558
-0.420455
-0.356246
-0.356341
-0.357098
-0.383724
-0.421861
-0.384105
-0.334847
-0.399068
-0.433666
-0.519706
-0.468396
-0.363294
-0.348276
-0.362618
-0.374346
-0.41083
-0.36856
-0.389088
-0.421711
-0.463831
-0.378554
-0.389644
-0.38366
-0.437153
-0.339624
-0.422242
-0.430319
-0.389923
-0.386011
-0.386674
-0.426724
-0.440606
-0.399624
-0.442799
-0.434174
-0.402609
-0.39284
-0.368374
-0.401407
-0.438406
-0.363881
-0.374224
-0.377896
-0.347495
-0.383252
-0.376532
-0.35405
-0.438937
-0.436051
-0.396587
-0.339851
-0.354924
-0.355174
-0.338306
-0.35282
-0.392164
-0.374513
-0.362419
-0.318076
-0.421267
-0.438084
-0.432289
-0.347141
-0.332709
-0.413722
-0.389972
-0.323648
-0.470756
-0.436373
-0.448114
-0.471395
-0.455093
-0.403074
-0.391347
-0.383275
-0.463131
-0.489637
-0.466683
-0.424162
-0.454527
-0.471126
-0.476072
-0.412557
-0.47017
-0.500702
-0.594874
-0.559185
-0.48897
-0.452916
-0.461789
-0.450828
-0.398658
-0.415933
-0.410943
-0.457687
-0.412772
-0.438249
-0.383083
-0.363728
-0.431242
-0.509364
-0.467448
-0.386267
-0.370745
-0.404046
-0.434342
-0.379691
-0.445154
-0.498394
-0.504153
-0.487082
-0.474613
-0.496339
-0.490545
-0.493185
-0.432418
-0.507157
-0.500921
-0.520346
-0.544915
-0.497217
-0.39308
-0.390401
-0.400026
-0.432237
-0.465198
-0.431432
-0.451556
-0.474218
-0.390249
-0.430496
-0.479567
-0.472562
-0.502389
-0.43832
-0.430682
-0.478648
-0.440765
-0.418847
-0.423984
-0.372725
-0.397642
-0.488668
-0.441328
-0.397668
-0.408418
-0.39511
-0.459302
-0.435975
-0.378672
-0.376731
-0.337187
-0.384669
-0.32225
-0.423051
-0.444984
-0.4266
-0.424536
-0.368031
-0.380563
-0.44456
-0.400674
-0.428211
-0.448539
-0.428319
-0.404082
-0.319862
-0.270595
-0.25432
-0.279407
-0.360195
-0.383441
-0.366346
-0.393581
-0.374408
-0.407912
-0.359731
-0.383085
-0.394511
-0.484927
-0.443796
-0.471571
-0.419706
-0.394458
-0.429099
-0.380874
-0.433135
-0.397305
-0.440974
-0.437479
-0.497649
-0.444226
-0.408801
-0.432919
-0.37347
-0.418851
-0.45848
-0.399694
-0.389465
-0.377686
-0.342812
-0.449738
-0.447097
-0.411642
-0.403544
-0.428724
-0.537428
-0.507889
-0.466934
-0.416919
-0.385193
-0.370691
-0.4284
-0.415584
-0.440121
-0.443287
-0.455498
-0.388678
-0.366611
-0.401114
-0.42217
-0.428018
-0.37424
-0.417721
-0.41989
-0.33681
-0.398732
-0.436524
-0.44518
-0.397874
-0.343012
-0.416839
-0.419296
-0.450829
-0.47639
-0.357426
-0.408114
-0.405435
-0.336473
-0.392968
-0.386097
-0.387315
-0.460354
-0.408397
-0.407025
-0.315429
-0.413317
-0.450349
-0.417552
-0.38679
-0.383688
-0.364085
-0.398754
-0.416515
-0.400098
-0.317348
-0.35787
-0.340086
-0.382218
-0.317463
-0.302341
-0.387044
-0.369099
-0.390576
-0.430362
-0.34903
-0.356577
-0.350911
-0.351904
-0.333038
-0.389689
-0.371209
-0.33834
-0.312897
-0.30876
-0.427276
-0.445499
-0.474429
-0.403889
-0.406188
-0.368874
-0.335109
-0.413678
-0.374947
-0.441539
-0.409951
-0.427944
-0.427853
-0.358839
-0.313418
-0.33512
-0.445684
-0.463676
-0.479181
-0.516613
-0.459305
-0.430908
-0.460288
-0.399229
-0.473163
-0.44223
-0.419713
-0.407749
-0.45991
-0.418107
-0.402511
-0.342142
-0.361758
-0.43064
-0.423621
-0.449528
-0.392469
-0.378638
-0.430718
-0.42603
-0.393438
-0.313749
-0.347041
-0.417205
-0.405911
-0.293203
-0.337411
-0.344337
-0.375453
-0.323896
-0.329881
-0.355323
-0.393972
-0.386095
-0.394222
-0.355775
-0.358203
-0.337285
-0.30544
-0.356645
-0.387891
-0.416955
-0.485539
-0.466339
-0.453861
-0.463182
-0.462601
-0.466539
-0.521773
-0.442324
-0.490154
-0.430464
-0.477076
-0.459077
-0.465397
-0.494057
-0.521193
-0.548049
-0.549406
-0.531077
-0.446785
-0.421848
-0.355346
-0.308251
-0.452641
-0.457067
-0.414764
-0.464166
-0.439261
-0.487518
-0.492081
-0.42342
-0.41022
-0.388707
-0.415461
-0.454506
-0.465073
-0.480259
-0.464634
-0.36431
-0.380094
-0.351387
-0.400221
-0.391665
-0.396051
-0.377835
-0.41787
-0.399163
-0.414303
-0.364658
-0.332477
-0.36306
-0.397781
-0.367051
-0.378649
-0.45422
-0.464912
-0.413527
-0.487356
-0.409931
-0.314439
-0.468278
-0.531583
-0.523359
-0.439745
-0.490747
-0.562817
-0.491084
-0.449787
-0.455653
-0.480355
-0.483859
-0.462958
-0.448073
-0.491005
-0.526143
-0.45122
-0.44559
-0.428147
-0.442084
-0.545471
-0.435088
-0.466133
-0.461422
-0.436964
-0.403114
-0.428348
-0.378324
-0.394936
-0.366631
-0.330017
-0.379665
-0.345885
-0.379282
-0.299319
-0.367254
-0.422964
-0.494677
-0.492692
-0.477333
-0.424689
-0.521821
-0.514372
-0.525234
-0.512053
-0.458316
-0.431693
-0.462232
-0.464058
-0.48001
-0.434021
-0.531189
-0.511985
-0.437685
-0.496032
-0.467274
-0.378067
-0.390359
-0.368198
-0.357189
-0.402712
-0.420489
-0.351934
-0.35493
-0.394536
-0.440702
-0.381067
-0.445711
-0.406591
-0.40941
-0.380295
-0.396168
-0.437401
-0.457908
-0.515313
-0.502081
-0.460105
-0.498188
-0.438723
-0.487824
-0.457825
-0.386956
-0.401717
-0.350317
-0.230462
-0.309743
-0.352839
-0.398003
-0.364588
-0.356849
-0.365654
-0.343098
-0.358365
-0.29674
-0.378085
-0.412341
-0.38295
-0.408589
-0.364941
-0.379539
-0.395478
-0.346498
-0.419467
-0.462548
-0.474326
-0.422596
-0.478904
-0.433247
-0.466332
-0.425408
-0.469983
-0.42958
-0.411946
-0.448036
-0.441639
-0.386421
-0.429452
-0.423662
-0.408619
-0.541817
-0.510547
-0.45637
-0.533309
-0.553626
-0.46956
-0.420366
-0.429237
-0.38168
-0.449307
-0.507041
-0.449822
-0.401552
-0.403981
-0.437532
-0.479813
-0.312262
-0.345198
-0.324817
-0.348659
-0.500525
-0.510626
-0.416905
-0.431675
-0.454037
-0.400006
-0.452256
-0.439144
-0.417455
-0.468501
-0.427779
-0.344943
-0.448959
-0.436768
-0.456479
-0.418577
-0.392669
-0.391686
-0.403777
-0.339088
-0.391533
-0.332451
-0.330346
-0.418146
-0.436018
-0.414312
-0.450354
-0.460487
-0.508399
-0.474466
-0.436884
-0.474643
-0.413377
-0.462585
-0.44845
-0.462344
-0.450086
-0.428722
-0.402192
-0.402277
-0.362259
-0.427739
-0.426473
-0.3582
-0.336691
-0.389938
-0.413148
-0.371932
-0.308634
-0.319676
-0.346589
-0.322559
-0.318301
-0.322457
-0.3363
-0.402075
-0.418028
-0.386831
-0.388715
-0.406119
-0.435436
-0.489232
-0.579875
-0.487304
-0.495432
-0.480617
-0.393131
-0.385115
-0.450249
-0.475893
-0.417332
-0.379671
-0.415194
-0.399762
-0.381581
-0.413521
-0.35375
-0.343587
-0.340892
-0.40239
-0.415694
-0.432726
-0.403998
-0.393238
-0.346653
-0.337887
-0.418981
-0.466443
-0.411528
-0.42585
-0.428124
-0.387792
-0.432521
-0.428939
-0.375872
-0.434702
-0.390859
-0.304442
-0.295375
-0.36613
-0.389309
-0.356428
-0.377691
-0.356319
-0.390822
-0.417055
-0.367823
-0.381107
-0.331335
-0.310148
-0.397632
-0.375357
-0.408425
-0.429538
-0.444723
-0.46598
-0.375261
-0.369674
-0.375064
-0.392354
-0.344283
-0.332126
-0.381206
-0.358188
-0.394296
-0.401013
-0.410045
-0.420668
-0.416083
-0.395557
-0.423614
-0.418614
-0.473658
-0.446534
-0.440479
-0.374603
-0.390068
-0.347526
-0.388134
-0.363045
-0.357564
-0.436839
-0.441966
-0.400686
-0.458363
-0.445642
-0.510051
-0.491646
-0.527539
-0.402591
-0.46224
-0.414489
-0.420823
-0.498289
-0.481629
-0.396976
-0.409542
-0.437109
-0.483643
-0.506914
-0.441861
-0.453303
-0.432249
-0.455855
-0.462591
-0.385615
-0.416078
-0.404977
-0.392563
-0.39835
-0.365613
-0.406042
-0.388081
-0.426389
-0.45884
-0.528994
-0.561444
-0.571007
-0.498819
-0.526428
-0.476334
-0.477518
-0.412379
-0.408821
-0.428948
-0.455177
-0.447173
-0.438058
-0.464192
-0.492571
-0.550672
-0.554737
-0.584667
-0.599849
-0.558136
-0.526363
-0.540886
-0.466896
-0.446984
-0.448348
-0.515583
-0.483827
-0.455229
-0.417381
-0.399903
