0.0525935
0.05077
0.0590793
0.0681563
0.0567876
0.054857
0.0563337
0.0554506
0.0460618
0.0439884
0.0577225
0.0419914
0.0586844
0.0660766
0.042874
0.0422562
0.0464495
0.0448992
0.0544525
0.0505744
0.0540541
0.0512435
0.0591435
0.0512369
0.0482793
0.0395636
0.0409213
0.036786
0.0377227
0.0509418
0.0473865
0.0636072
0.0556203
0.0471079
0.0479724
0.0602235
0.0508158
0.0507696
0.0426831
0.0537417
0.0613462
0.0570347
0.053898
0.0562647
0.0527625
0.0574601
0.0397368
0.0470621
0.0406009
0.0538018
0.0536632
0.0509557
0.0464938
0.0436943
0.05249
0.0541394
0.055095
0.0327221
0.0369221
0.0401126
0.0337381
0.0399798
0.045352
0.053181
0.0431818
0.0700742
0.0650103
0.0360028
0.0494443
0.0507062
0.0536142
0.0404137
0.0442629
0.0421736
0.0405755
0.0501272
0.0699706
0.0599051
0.0720991
0.0541891
0.0579025
0.0579831
0.0621367
0.0524459
0.0453078
0.0630725
0.0422758
0.0430178
0.054009
0.0579921
0.0543111
0.0573378
0.04776
0.0382905
0.0441726
0.0450236
0.0458682
0.0456666
0.0464325
0.0543329
0.0587611
0.0381974
0.0421908
0.0489612
0.0527662
0.0592373
0.0653147
0.0511418
0.0400519
0.0550026
0.0615599
0.0596301
0.0509687
0.0509036
0.0459777
0.0411427
0.045056
0.0441993
0.0485634
0.0424897
0.0536331
0.0485488
0.0501009
0.0560669
0.0485908
0.0567709
0.052687
0.0632586
0.0556748
0.0454166
0.0433708
0.0577988
0.052147
0.0521538
0.0584899
0.04914
0.0490984
0.0574645
0.0614018
0.0547774
0.0545906
0.0460069
0.0443669
0.0470901
0.0522809
0.0483118
0.0425026
0.0378262
0.048697
0.0505063
0.0520239
0.0451134
0.0464801
0.0452132
0.0361496
0.0495123
0.0425706
0.051785
0.046776
0.0513889
0.0752908
0.046564
0.0555513
0.0579256
0.0435908
0.0421489
0.0450835
0.0471966
0.0403117
0.0375761
0.039929
0.0431585
0.046831
0.0518031
0.0498145
0.038988
0.0451497
0.0495957
0.0528975
0.0434401
0.0429982
0.0389566
0.0485137
0.0508705
0.0433555
0.0465221
0.0512468
0.049865
0.042157
0.0508331
0.0490682
0.0509281
0.0510219
0.0611744
0.050381
0.0703473
0.053069
0.0434504
0.0481675
0.0358204
0.0489959
0.0475106
0.0384981
0.0504429
0.0435781
0.0424243
0.0422047
0.0395715
0.035107
0.0458864
0.0411289
0.0452024
0.0447972
0.0532184
0.0472293
0.0456764
0.0335918
0.0372403
0.0491808
0.0477615
0.0573587
0.039482
0.0337108
0.051019
0.0622841
0.0547892
0.0459062
0.0530284
0.0437369
0.0463569
0.0432198
0.042743
0.0508196
0.0429989
0.0557645
0.0498546
0.0492738
0.0429915
0.0415845
0.0386689
0.0534084
0.0503475
0.0405469
0.044373
0.0507678
0.0526338
0.0538517
0.0412651
0.0426559
0.0569236
0.0490369
0.0487999
0.0609302
0.0465207
0.0388938
0.0419694
0.0453048
0.042617
0.0580677
0.0590691
0.0532427
0.0540443
0.042864
0.0419312
0.0540026
0.0393299
0.0447411
0.0562976
0.0557909
0.0469287
0.0441418
0.0586174
0.0475752
0.0616388
0.0482765
0.0392098
0.0410055
0.0502234
0.0450256
0.0522888
0.0366449
0.0427209
0.03465
0.037785
0.0380999
0.0396801
0.0358318
0.0664005
0.058018
0.0524498
0.0584648
0.0546114
0.0419015
0.0467847
0.0444022
0.037846
0.0466014
0.0435566
0.048263
0.0576233
0.05399
0.0444863
0.0493942
0.0450056
0.0478904
0.0507397
0.0423105
0.0455979
0.0503379
0.0495578
0.0476865
0.0398558
0.047706
0.045508
0.0598843
0.0496483
0.0470852
0.0511733
0.0535379
0.064765
0.0704217
0.0441081
0.0402673
0.0526841
0.0424988
0.0377757
0.0367536
0.0486186
0.0556252
0.064365
0.0654605
0.0450719
0.0454547
0.0531784
0.0467258
0.0447387
0.0400756
0.0529858
0.0430781
0.0428847
0.0414712
0.0440087
0.0467357
0.0500153
0.0451807
0.0402156
0.0456446
0.0446881
0.0493977
0.0504091
0.0582436
0.0618833
0.0621201
0.057794
0.0533977
0.0628079
0.0437212
0.0572249
0.0502729
0.0417652
0.0450523
0.0290835
0.0369847
0.0319867
0.0345266
0.0436319
0.0485411
0.0428664
0.0484721
0.0491265
0.0477427
0.053475
0.0383053
0.0420615
0.0405543
0.045115
0.0515767
0.0422151
0.0478284
0.0492962
0.0526206
0.0633366
0.0461211
0.0505382
0.0386967
0.0415487
0.0482711
0.0434995
0.0519908
0.0456379
0.0556203
0.0487821
0.0452064
0.0420434
0.0467561
0.0527369
0.0411468
0.0422827
0.0499778
0.0547828
0.0585011
0.0559876
0.0397945
0.042697
0.0554796
0.0431775
0.04872
0.0628407
0.0630367
0.054408
0.0431497
0.0504838
0.0578779
0.057065
0.0626354
0.0710615
0.0477574
0.0460089
0.0386131
0.0456048
0.046333
0.0455812
0.0461749
0.0615794
0.0526972
0.0516
0.0521044
0.0450238
0.0481259
0.0573179
0.0493835
0.0503997
0.0523468
0.0410345
0.0493809
0.0538987
0.0710343
0.0581882
0.0494827
0.0489241
0.0458998
0.043612
0.061287
0.0565148
0.0347835
0.0447831
0.0680902
0.0433069
0.0390789
0.0414077
0.0382885
0.0317781
0.0345914
0.0383252
0.0543877
0.0536849
0.0494449
0.0464542
0.0564969
0.0489228
0.0421858
0.0495446
0.0600277
0.0497828
0.0452185
0.0611249
0.0574538
0.0491773
0.0490462
0.044149
0.0477897
0.0362126
0.0443507
0.0578157
0.0459126
0.0712369
0.0615683
0.0626387
0.0427786
0.0430831
0.0490973
0.0538281
0.0455683
0.0609496
0.0545079
0.0503255
0.0458687
0.0509208
0.0409594
0.0538698
0.0504339
0.0387763
0.0479738
0.0544878
0.046361
0.0448106
0.0322348
0.0497664
0.0492759
0.0389962
0.0367516
0.0488045
0.0479596
0.0622198
0.0478402
0.0478024
0.0721546
0.0613298
0.0547415
0.0466715
0.0444074
0.0385007
0.0492058
0.0528237
0.0416715
0.056169
0.0492313
0.0391094
0.0513778
0.0382783
0.0509825
0.0509468
0.0449894
0.0498003
0.0509935
0.0527681
0.0444445
0.0618524
0.0462762
0.0442045
0.0504366
0.047926
0.0547254
0.0470614
0.041771
0.055377
0.0532478
0.0605153
0.047143
0.0447119
0.0557875
0.0501735
0.0648762
0.0525417
0.0417005
0.0450092
0.0431347
0.051175
0.0414843
0.0438798
0.0586073
0.0500441
0.0604772
0.0569473
0.047502
0.0531511
0.055607
0.0503327
0.039841
0.0459825
0.0488471
0.0404582
0.0408846
0.0505323
0.0416082
0.0416935
0.0419566
0.0394602
0.0440987
0.039549
0.0424507
0.0499574
0.0355861
0.0467407
0.0407382
0.0476907
0.0578679
0.0500936
0.0422587
0.0427613
0.0459077
0.0471302
0.0654712
0.0434923
0.0413591
0.0446512
0.0407042
0.0373132
0.0413567
0.0396512
0.041909
0.0390674
0.0458684
0.0497345
0.0495819
0.0528144
0.0360076
0.0464455
0.0576048
0.056183
0.0439071
0.0473687
0.0542907
0.0392875
0.0417605
0.0344051
0.0350414
0.0426854
0.0395808
0.044303
0.0453524
0.0406751
0.0412176
0.0452914
0.0378261
0.0414009
0.0387842
0.039861
0.0420689
0.0437413
0.0414834
0.04161
0.0448162
0.0430397
0.0521304
0.0474193
0.0570715
0.0687658
0.047173
0.0499008
0.0504597
0.046929
0.0427887
0.0424621
0.0494252
0.0514482
0.0492015
0.0535408
0.0479073
0.049631
0.0432482
0.0399791
0.054984
0.0573537
0.0619472
0.0503056
0.0473033
0.0489274
0.0413343
0.0403908
0.053214
0.0532483
0.0617058
0.0665898
0.0477269
0.0538997
0.0603681
0.0492413
0.0484666
0.0452119
0.0480002
0.0543703
0.0420091
0.0599454
0.0399216
0.0372967
0.0596322
0.0477743
0.0545764
0.0366712
0.0378559
0.0457164
0.0470122
0.0599024
0.0656338
0.0497519
0.0548104
0.0578533
0.0439208
0.0549635
0.0537518
0.0574291
0.0511954
0.051914
0.0545349
0.050034
0.0515009
0.0541859
0.0466137
0.0588743
0.0486359
0.0478454
0.0479472
0.054181
0.0427854
0.048524
0.0768266
0.0512881
0.0464314
0.0531702
0.0421199
0.0458593
0.0471953
0.0453617
0.0339886
0.0453915
0.0503051
0.0473213
0.05091
0.0376346
0.0451833
0.0509006
0.0521733
0.0526849
0.0435103
0.0537621
0.0589524
0.0502531
0.0461738
0.041724
0.0443535
0.0367825
0.0457217
0.0469438
0.0475486
0.0447866
0.0466866
0.048956
0.0459385
0.0377831
0.0341111
0.0370428
0.039599
0.0480963
0.0455271
0.0542533
0.0430503
0.0518794
0.0524423
0.04533
0.0454999
0.0428174
0.0395679
0.0550128
0.0445712
0.0457855
0.0399235
0.0454974
0.0450195
0.0472161
0.0481095
0.0493164
0.0433727
0.0448532
0.0381394
0.0424824
0.0577314
0.0629168
0.047183
0.0448023
0.0456313
0.051498
0.0511924
0.0474077
0.051839
0.0440835
0.0428308
0.0406165
0.0385278
0.0442248
0.0389851
0.0461955
0.0403182
0.053941
0.0466636
0.0455627
0.0512641
0.0454276
0.0524382
0.0446229
0.0386304
0.0412283
0.048571
0.0434854
0.0516943
0.0474923
0.042631
0.0470182
0.052843
0.0447785
0.0563346
0.0542022
0.0509215
0.0608863
0.0532615
0.0454176
0.0405446
0.043479
0.0453988
0.0568853
0.0622402
0.0419043
0.0566203
0.0698789
0.0653654
0.0526453
0.0445884
0.0444226
0.0573341
0.0614586
0.0590711
0.0617857
0.0581098
0.0552383
0.0586635
0.0457491
0.0444466
0.0465339
0.058398
0.0388309
0.0423146
0.0389819
0.0578353
0.0522216
0.0517749
0.0496051
0.047464
0.0524318
0.0514771
0.0543937
0.0541629
0.0562302
0.0428089
0.0520064
0.0730617
0.0620085
0.0519632
0.0503174
0.0391554
0.0452413
0.0446188
0.0579672
0.0643852
0.0468225
0.0575444
0.0529068
0.0583229
0.0484055
0.0426928
0.04548
0.0401959
0.0388182
0.050035
0.0548098
0.0502124
0.0414944
0.0437922
0.047848
0.0510274
0.0462597
0.0556476
0.0528416
0.0466636
0.0389899
0.0490377
0.0472381
0.0480386
0.0512837
0.0562406
0.0555902
0.0567725
0.0419868
0.0413227
0.0548829
0.0451471
0.0454408
0.0347693
0.0506853
0.0536093
0.0566562
0.0570134
0.0487652
0.0490793
0.0450156
0.0425955
0.0578055
0.0624205
0.038406
0.0396949
0.0411017
0.039945
0.0388603
0.0546257
0.0653606
0.05245
0.0488288
0.0418693
0.0449237
0.0593675
0.0373728
0.0457893
0.0425856
0.0583769
0.0510292
0.0442946
0.0478262
0.0434999
0.0373747
0.0477417
0.045051
0.0480532
0.0466734
0.0421744
0.0482255
0.0432316
0.0445765
0.0363654
0.0454873
0.0533609
0.0506472
0.0449538
0.060104
0.0549766
0.0470875
0.0466295
0.0580906
0.0519003
0.0620558
0.0467345
0.0373163
0.041045
0.0436497
0.0410784
0.0477633
0.0509772
0.0411609
0.0467341
0.0721103
0.0565195
0.056456
0.0438777
0.044431
0.0415274
0.0412005
0.0483254
0.0451399
0.0427199
0.0435607
0.0433592
0.0402659
0.0457445
0.0458155
0.0429195
0.0416234
0.0554528
0.0497614
0.0509834
0.0416012
0.0465909
0.0407787
0.0532119
0.0516558
0.0563851
0.0546402
0.0462932
0.0524834
0.0453864
0.0586148
0.0608756
0.0602643
0.0539395
0.0469181
0.0488819
0.0481169
0.0525538
0.0483256
0.0490107
0.0507335
0.0518979
0.0556787
0.0481265
0.0527034
0.046609
0.0454791
0.0614597
0.0446271
0.0401846
0.0458366
0.0494407
0.0433871
0.0448424
0.0540738
0.0592136
0.0484343
0.0482068
0.045609
0.0436426
0.046924
0.0539207
0.056577
0.0517744
0.0511027
0.0442165
0.049679
0.0489747
0.0642167
0.0418677
0.0380361
0.0473926
0.0478727
0.0407711
0.0435202
0.0672452
0.0592889
0.0383621
0.0533898
0.0572806
0.0520238
0.0557552
0.0710978
0.0541537
0.0487087
0.0504263
0.0706109
0.0693642
0.0652004
0.0483919
0.0411562
0.0451809
0.0599993
0.0419635
0.0524218
0.0606777
0.0607521
0.0512053
0.0438492
0.0418927
0.0458632
0.038971
0.0569902
0.0563942
0.0447587
0.0543597
0.0534137
0.0561849
0.045716
0.0413441
0.0444088
0.0472234
0.0432644
0.0407312
0.0437701
0.0434185
0.0474661
0.0705019
0.0545946
0.0501417
0.0590048
0.0540093
0.049711
0.0484086
0.0632634
0.0646585
0.0534033
0.041469
0.0730338
0.0706635
0.0562709
0.058637
0.0443684
0.0400609
0.04361
0.0550255
0.0346045
0.0356473
0.0412919
0.0406726
0.049379
0.038822
0.0492595
0.045876
0.0514055
0.0438404
0.03927
0.0375734
0.0375255
0.0540345
0.0616978
0.0498694
0.0546364
0.0475874
0.0453349
0.0505545
0.0413995
0.0362015
0.0482436
0.0497891
0.0458635
0.0675048
0.0513152
0.0469891
0.0415584
0.0409573
0.058568
0.0482185
0.047492
0.0398133
0.0489508
0.0476083
0.0585137
0.0453047
0.0484394
0.0507631
0.0448471
0.0467251
0.0502609
0.0435699
0.0372192
0.0482108
0.0394534
0.0395607
0.0375811
0.045716
0.0603017
0.0482113
0.0505001
0.0513006
0.0517083
0.0558934
0.0414686
0.0409791
0.0435702
0.0674906
0.057692
0.0549701
0.060978
0.0464321
0.0633802
0.0437996
0.0511164
0.050045
0.0538401
0.0536882
0.0456807
0.0374317
0.0424236
0.0423507
0.0383828
0.048695
0.0416479
0.0484779
0.0555054
0.0483043
0.0486221
0.0500115
0.0466036
0.0399276
0.0442642
0.0462023
0.0443579
0.042856
0.0409238
0.0410921
0.0568817
0.0433546
0.0604609
0.0402788
0.0464321
0.0548032
0.0544988
0.0444257
0.0523434
0.0435844
0.0569545
0.0464854
0.0415206
0.0480475
0.0403767
0.0522589
0.0566487
0.0566161
0.0521947
0.0467938
0.0501767
0.0496788
0.0531923
0.0547769
0.0605003
0.0669745
0.0512518
0.0541193
0.0350094
0.0355534
0.0548479
0.0466711
0.0548357
0.0621162
0.043496
0.0395218
0.0441052
0.0670486
0.056022
0.0547484
0.0579288
0.0491367
0.0503328
0.0619652
0.0469404
0.0439838
0.0450618
0.0569243
0.0605382
0.0605632
0.0489032
0.0469207
0.0591183
0.0416227
0.0425498
0.0592949
0.0535479
0.0565351
0.047644
0.0571826
0.0451412
0.0445653
0.045045
0.0472743
0.0416986
0.0563785
0.0580345
0.0625118
0.0532515
0.0447921
0.0552231
0.0513909
0.0434836
0.0406569
0.0422214
0.0458339
0.0495628
0.0526813
0.0495279
0.0464012
0.0440016
0.0485788
0.0595671
0.0464473
0.0486992
0.0491657
0.0446884
0.0543522
0.041992
0.0426347
0.0350306
0.0482854
0.0427707
0.0640592
0.0505781
0.0570828
0.0622725
0.045848
0.0513459
0.0344294
0.0404933
0.0358636
0.036788
0.0298047
0.0586496
0.0415415
0.0431739
0.043852
0.0430213
0.0352904
0.0409038
0.0475603
0.0397305
0.0457442
0.0534896
0.046443
0.0432848
0.0449538
0.0624233
0.0551764
0.0604395
0.0536338
0.0484232
0.0441582
0.0423972
0.045779
0.0551768
0.0521937
0.0482077
0.0417372
0.0517544
0.0404607
0.0378294
0.0402577
0.0430257
0.051533
0.045336
0.045312
0.0394109
0.0473584
0.0436033
0.0712938
0.0420159
0.0482065
0.0462508
0.0593426
0.0479229
0.0505662
0.0534667
0.0448402
0.0507797
0.0401324
0.0628344
0.0498306
0.0457139
0.0444234
0.0610146
0.0485997
0.0441787
0.0656294
0.0578006
0.0628108
0.0496996
0.0380366
0.0415146
0.04159
0.051052
0.0562804
0.0426683
0.0427658
0.0480983
0.0479885
0.0479514
0.0492036
0.0463909
0.0503592
0.0664116
0.0583837
0.0532755
0.0534977
0.0521243
0.0508977
0.0498196
0.0464578
0.0548416
0.0413995
0.0470424
0.0430434
0.0513511
0.0564993
0.0524747
0.0424276
0.0513706
0.0565271
0.0415032
0.0416041
0.0482297
0.0616714
0.0425268
0.0534309
0.0575297
0.0461815
0.0459733
0.0509017
0.0427557
0.0518343
0.0594345
0.0452363
0.0465462
0.0565601
0.0516414
0.0401227
0.0520648
0.0460304
0.0569017
0.0394784
0.0625183
0.0493974
0.0500438
0.0634194
0.0546331
0.0480602
0.0377641
0.0462192
0.0513886
0.04915
0.0500516
0.0449718
0.0511975
0.0428062
0.0495999
0.0541483
0.0516741
0.0503039
0.0549816
0.0454499
0.0405796
0.0469687
0.0439856
0.0532157
0.0445676
0.0455158
0.0555146
0.0501185
0.0500476
0.0605397
0.0398138
0.0411517
0.0504139
0.069726
0.0507008
0.0421313
0.049653
0.040499
0.0453791
0.0440847
0.0474069
0.0362905
0.0543777
0.0463454
0.0420353
0.0400366
0.057566
0.0428795
0.0482425
0.0579599
0.0856259
0.0753375
0.0607118
0.0395541
0.0350803
0.0512203
0.043256
0.0527809
0.0474726
0.0461639
0.0538305
0.0452461
0.0469474
0.0604704
0.0458816
0.0698511
0.0531571
0.0519257
0.0451175
0.0410315
0.0443625
0.0439151
0.0490548
0.042928
0.0595344
0.0589914
0.0422597
0.0464085
0.0554623
0.0456702
0.055038
0.0490442
0.0391868
0.0574573
0.0622857
0.0517635
0.0503079
0.0536998
0.0562267
0.0534468
0.0631864
0.0563429
0.0629429
0.048271
0.0597343
0.0454745
0.0438721
0.0490048
0.0490821
0.0444653
0.0552735
0.0506546
0.0566183
0.0485908
0.0462245
0.0446795
0.0517631
0.0508263
0.0527473
0.042779
0.0416064
0.0478585
0.0438886
0.0516012
0.0535892
0.0531784
0.0471865
0.0464653
0.0516322
0.0577944
0.0517546
0.0320378
0.0396967
0.0420497
0.056996
0.058642
0.0540245
0.0562615
0.0490778
0.0433512
0.0553029
0.0536516
0.0555458
0.0512759
0.0464286
0.0478611
0.0478776
0.0571072
0.0411168
0.0441419
0.0525237
0.0393265
0.0432598
0.052547
0.0576206
0.0466458
0.0423155
0.0458735
0.0378777
0.0447236
0.0526427
0.0612166
0.0393891
0.0491326
0.0446494
0.0485722
0.0504107
0.0479643
0.0506296
0.0508516
0.0478991
0.0462093
0.0530267
0.0511619
0.0426739
0.0499394
0.0352601
0.047882
0.0549103
0.0472212
0.0555276
0.0463709
0.0450961
0.0543531
0.0505395
0.0563321
0.0498989
0.0506084
0.0502874
0.0546792
0.0634462
0.0346079
0.0422003
0.0532374
0.0325896
0.0401345
0.0412639
0.0418707
0.0438167
0.0469439
0.062134
0.0671863
0.0654056
0.0702481
0.0614337
0.0505855
0.0475486
0.057928
0.0510491
0.0431881
0.0512657
0.058433
0.0476747
0.0422606
0.0578251
0.0460682
0.0796075
0.0689539
0.0486259
0.0598709
0.0553901
0.0478795
0.0478709
0.0477203
0.0482184
0.053985
0.0484161
0.0361995
0.0410254
0.046431
0.0439457
0.0599464
0.0481353
0.0511264
0.0385393
0.0390836
0.0421425
0.0481297
0.0538202
0.0399571
0.0376226
0.0422052
0.0431718
0.0434164
0.0414357
0.0479617
0.0468307
0.0552201
0.0466958
0.048101
0.0495868
0.0466637
0.0514486
0.0494506
0.0535763
0.0377319
0.0384418
0.0403427
0.0448022
0.054052
0.0559928
0.0679596
0.0596678
0.045097
0.0394376
0.0421697
0.0539179
0.051846
0.0391692
0.0440522
0.0441266
0.0442668
0.0542265
0.0626381
0.0669327
0.0529886
0.0451644
0.0512485
0.0403505
0.0519284
0.0510376
0.0553806
0.0584025
0.0511295
0.0464119
0.0451834
0.0515748
0.0577844
0.0472659
0.0451854
0.0433462
0.0447099
0.0615698
0.0534704
0.0455502
0.0498381
0.055108
0.0490856
0.0475035
0.0594357
0.0618634
0.0475869
0.0611325
0.0435606
0.0523297
0.0621913
0.0522951
0.0600004
0.0483368
0.0466279
0.0464377
0.051922
0.0510547
0.0550515
0.0455224
0.0531947
0.0583948
0.0638097
0.058901
0.0526461
0.0429015
0.061376
0.057312
0.0492019
0.0394971
0.0390087
0.0519557
0.0554969
0.0601607
0.0712592
0.0537278
0.0396435
0.0509298
0.0548203
0.0534701
0.0512337
0.043595
0.0399834
0.0458252
0.0489708
0.0538897
0.0527476
0.0390009
0.0487479
0.0454745
0.0433117
0.0419215
0.0464763
0.0489288
0.0479126
0.0680562
0.0404712
0.0481383
0.0408041
0.0422326
0.0357633
0.0346678
0.0443217
0.0408231
0.0591691
0.05285
0.0394063
0.0360745
0.0441863
0.0491405
0.0512308
0.0522332
0.0402366
0.0526144
0.0422936
0.0468243
0.0524371
0.0481561
0.0398533
0.0465967
0.0401323
0.0474654
0.0530423
0.0390881
0.0467135
0.0499267
0.0423928
0.0388314
0.0413469
0.0485472
0.0426751
0.0562115
0.0430856
0.0428954
0.0511178
0.0456772
0.0464978
0.051206
0.0464156
0.037542
0.0584412
0.0608871
0.0486689
0.0378901
0.0455991
0.043773
0.0513914
0.0486242
0.0554747
0.0548986
0.0458726
0.0418521
0.0557241
0.0401158
0.0512466
0.041061
0.0415788
0.0410655
0.0670263
0.0611079
0.0663125
0.0649816
0.0414198
0.0442938
0.0500858
0.0577938
0.0409833
0.0579621
0.0475196
0.0433287
0.0605143
0.0489742
0.0507509
0.049843
0.0556327
0.0574091
0.0383218
0.0485288
0.0546298
0.0390731
0.0437222
0.0519441
0.0448899
0.0449325
0.04628
0.0502738
0.0485755
0.0584089
0.0604639
0.0577537
0.0488219
0.0405509
0.0438346
0.0514331
0.0505888
0.0640176
0.0672448
0.0517915
0.0434202
0.0545726
0.060498
0.0596965
0.0452925
0.0420286
0.0644795
0.048273
0.0501043
0.0620766
0.0517478
0.0561146
0.0676485
0.0412038
0.047169
0.042508
0.0520929
0.0431294
0.0520264
0.044619
0.0631472
0.0541088
0.0514693
0.0570665
0.0387436
0.0368181
0.0406021
0.0483826
0.0443524
0.0437018
0.0377609
0.0534655
0.0486376
0.0546339
0.049427
0.0381129
0.053066
0.0432937
0.0492708
0.0406349
0.0397382
0.0607858
0.0571226
0.0459209
0.0489672
0.0491429
0.0474468
0.0546207
0.0656686
0.0551559
0.0517687
0.055726
0.0381323
0.0285446
0.0381324
0.0311283
0.0416694
0.042339
0.0497908
0.0345819
0.0544716
0.0437945
0.0660236
0.0598295
0.0485287
0.0465487
0.0509109
0.0440107
0.0410299
0.0535519
0.0408339
0.0449951
0.0420385
0.0404312
0.0422535
0.0682238
0.0455514
0.0373017
0.0491179
0.0495955
0.0475574
0.0443373
0.0373978
0.0400453
0.0464758
0.050231
0.0478004
0.0468374
0.0509011
0.050811
0.0466516
0.0566749
0.0450666
0.0486268
0.0492656
0.0345807
0.0477099
0.0469994
0.058975
0.0491999
0.0469585
0.047638
0.0395465
0.0397013
0.0481182
0.0429311
0.0466522
0.053649
0.0766446
0.0618735
0.0434541
0.0422596
0.050465
0.0513954
0.0439586
0.0380479
0.0457387
0.0625014
0.0488463
0.0468035
0.0354944
0.0472352
0.0542769
0.0708237
0.063384
0.065063
0.0529432
0.0587601
0.0633279
0.052651
0.0459894
0.0627217
0.0738344
0.0452442
0.0486367
0.0555634
0.0525032
0.0513727
0.0475319
0.0484689
0.0452989
0.0527187
0.0476909
0.0616124
0.0441349
0.0423913
0.039878
0.0353746
0.038335
0.0503294
0.0530095
0.0598967
0.0493828
0.0473352
0.0484685
0.0590442
0.0393404
0.0499694
0.0563456
0.0457558
0.0422925
0.0463871
0.0423536
0.0391922
0.05594
0.0488848
0.0475705
0.0460156
0.0365857
0.0488378
0.0422995
0.0402008
0.0515279
0.0589012
0.0368246
0.0493639
0.0579668
0.060758
0.0763958
0.0527249
0.0404036
0.0387471
0.0417232
0.048121
0.0503693
0.0470247
0.0414642
0.0336362
0.0481189
0.0446784
0.0555865
0.0566079
0.0437524
0.0594535
0.0502184
0.0591128
0.0481309
0.0570751
0.0481448
0.0460532
0.0678917
0.0498747
0.0631746
0.0593807
0.0554121
0.0532047
0.0453087
0.0432933
0.055361
0.0601788
0.0462098
0.0461834
0.0589147
0.0537595
0.0503339
0.0420828
0.0350871
0.0421381
0.0430606
0.0473054
0.0567097
0.0523474
0.0452985
0.054816
0.0540713
0.0437755
0.055651
0.0578922
0.0466403
0.0561106
0.0476707
0.0485502
0.0581926
0.0392301
0.0340474
0.0478115
0.0536208
0.0504547
0.0420861
0.0430885
0.0356909
0.0416869
0.0521951
0.0422553
0.0429922
0.0550253
0.0450939
0.0425017
0.0474292
0.0546448
0.0551507
0.0755654
0.0720369
0.0429548
0.0502112
0.0407738
0.0515873
0.0601786
0.0574481
0.0529063
0.0630776
0.0643367
0.0554285
0.0498906
0.0574667
0.0756911
0.0514259
0.0458137
0.0529674
0.0578543
0.0523091
0.0553588
0.0546766
0.0605526
0.0538921
0.0579199
0.0567251
0.0444479
0.0462989
0.0640892
0.0486427
0.0510944
0.0545021
0.0575865
0.0633372
0.0505388
0.0374575
0.0450076
0.0477958
0.045321
0.0492326
0.0441299
0.045341
0.0374017
0.039027
0.058009
0.0513952
0.0530218
0.0645929
0.0409355
0.0424191
0.0531574
0.0397145
0.0403321
0.0521452
0.0474381
0.0412134
0.0477632
0.0543702
0.0523285
0.0438375
0.0567982
0.0481735
0.057074
0.0664119
0.0624452
0.0484072
0.0431446
0.048776
0.0515339
0.0444599
0.0526822
0.0476412
0.0363017
0.0475468
0.0490695
0.0473897
0.0402614
0.0396859
0.0420792
0.0434049
0.0447075
0.0515868
0.0363413
0.0509555
0.0454269
0.0402553
0.0373014
0.0404302
0.0431665
0.0456573
0.0433221
0.0396174
0.0430573
0.0482256
0.0559072
0.0537574
0.0488801
0.0537295
0.0531803
0.047384
0.0583008
0.0602224
0.0484036
0.0534231
0.051689
0.0402251
0.0437496
0.0488364
0.0469148
0.0596016
0.0432882
0.0576105
0.0425389
0.0387502
0.0589785
0.0592899
0.0465046
0.0459228
0.0388135
0.0434039
0.0469638
0.0503871
0.0546563
0.0356765
0.0524391
0.0579661
0.0547938
0.0451036
0.0476849
0.0397258
0.0386108
0.0414677
0.0490497
0.0407095
0.0556333
0.0434859
0.0532711
0.0642017
0.0638659
0.0478272
0.0545252
0.0575982
0.0605431
0.0768536
0.055623
0.0613839
0.0642076
0.0530258
0.0405902
0.0444457
0.0532677
0.0467096
0.0629192
0.0520194
0.0565983
0.0522708
0.0523816
0.04706
0.0474276
0.0497852
0.0427659
0.0450835
0.0465542
0.0470333
0.074894
0.0791679
0.0477255
0.0396541
0.0600556
0.0387192
0.0492695
0.0505486
0.059888
0.0421335
0.0511026
0.056445
0.0595138
0.0701002
0.0590282
0.0437138
0.044202
0.0532969
0.0703166
0.0575286
0.0418999
0.0438488
0.0520344
0.0422406
0.0448612
0.0424958
0.0387436
0.0618695
0.048069
0.055842
0.0451678
0.0419398
0.0537411
0.0603832
0.0411457
0.0567835
0.0483949
0.0534279
0.0511552
0.0554471
0.0524829
0.0570491
0.041831
0.0462965
0.0496239
0.0583823
0.0443054
0.0507014
0.0415148
0.0364992
0.0418448
0.0482813
0.0584643
0.0552291
0.0525349
0.0635822
0.0592302
0.068319
0.0494019
0.0407766
0.046067
0.0549682
0.0451449
0.0532839
0.0394043
0.0412983
0.0365562
0.0521261
0.0490482
0.0486175
0.037822
0.0509229
0.0490391
0.0452563
0.0511966
0.06021
0.0589492
0.0441804
0.0498378
0.0443219
0.0526759
0.0446213
0.0378313
0.0438363
0.0606603
0.0598195
0.0477461
0.0409166
0.0495138
0.0567806
0.035667
0.0444215
0.0391963
0.0410896
0.0417913
0.0484874
0.0487299
0.0510611
0.039904
0.0410699
0.0462692
0.0473307
0.0473818
0.0604077
0.0464506
0.0530206
0.0511734
0.057054
0.0461321
0.0476955
0.0567497
0.0453908
0.0592702
0.0566765
0.047428
0.0550128
0.0455452
0.047076
0.0497318
0.0438148
0.0510068
0.0318558
0.0446965
0.0409755
0.0350274
0.0436704
0.0373919
0.0374705
0.042328
0.0449498
0.0445033
0.0439754
0.052716
0.0411602
0.0405318
0.0500474
0.0584538
0.0517135
0.0381674
0.0437086
0.0385773
0.0434573
0.0453162
0.0524138
0.0814002
0.0535715
0.0537844
0.0449668
0.0507902
0.0475438
0.0627889
0.0473688
0.0492194
0.0511017
0.0413288
0.0528321
0.0597126
0.059658
0.0400525
0.0457833
0.0366645
0.0442521
0.0404792
0.0510513
0.038306
0.0433185
0.0592095
0.0527998
0.0574112
0.0544922
0.0531316
0.0430438
0.0579798
0.0478593
0.0506103
0.0494932
0.0549975
0.0409093
0.0416164
0.0727916
0.0650326
0.0449586
0.0616344
0.0529106
0.0442688
0.044667
0.0531968
0.0416095
0.0475267
0.0637913
0.0549854
0.0453723
0.0543418
0.0543187
0.055558
0.0461046
0.054952
0.0435493
0.0510661
0.0526226
0.0532241
0.0538376
0.0619095
0.0568389
0.0508264
0.0495387
0.0533604
0.0474745
0.0591046
0.0462926
0.0530961
0.0601744
0.0431242
0.0401413
0.0541217
0.0446924
0.0519359
0.0406259
0.0390795
0.0440515
0.0509899
0.0537502
0.055712
0.0605738
0.0498895
0.0374933
0.0385518
0.048256
0.0436994
0.0459826
0.0477154
0.0450042
0.0555329
0.0494379
0.0523441
0.0449319
0.0353174
0.037723
0.0516586
0.0474822
0.0448724
0.0548519
0.0512127
0.048257
0.0482761
0.0479536
0.0483395
0.0379521
0.0457714
0.041169
0.0427705
0.0399621
0.0644538
0.0471571
0.0458178
0.0456414
0.0635893
0.0556216
0.0665454
0.0530598
0.0378964
0.0406622
0.0616605
0.0446773
