-5.45308
-5.45468
-5.45322
-5.45315
-5.44986
-5.44925
-5.45081
-5.44862
-5.44934
-5.4482
-5.4474
-5.44802
-5.44918
-5.45073
-5.45039
-5.45015
-5.44913
-5.449
-5.45211
-5.45109
-5.45059
-5.44972
-5.45015
-5.4518
-5.45356
-5.4533
-5.45374
-5.45349
-5.4506
-5.4533
-5.44978
-5.45021
-5.45245
-5.4523
-5.45039
-5.44887
-5.44894
-5.44763
-5.4485
-5.44807
-5.44868
-5.44845
-5.44542
-5.44659
-5.44765
-5.44757
-5.44963
-5.44714
-5.44765
-5.44702
-5.44947
-5.45009
-5.45042
-5.45135
-5.45153
-5.45156
-5.45045
-5.45116
-5.45051
-5.44797
-5.45072
-5.45038
-5.45052
-5.45274
-5.45244
-5.45374
-5.45204
-5.45113
-5.45323
-5.45191
-5.4531
-5.4524
-5.45219
-5.45029
-5.4509
-5.45049
-5.45319
-5.45434
-5.45535
-5.45474
-5.45369
-5.45252
-5.45293
-5.45179
-5.45187
-5.45043
-5.45028
-5.44898
-5.44851
-5.44973
-5.44663
-5.44552
-5.44823
-5.45013
-5.44991
-5.44981
-5.44822
-5.45036
-5.45113
-5.44932
-5.45051
-5.44989
-5.451
-5.45054
-5.45101
-5.45332
-5.45064
-5.45143
-5.45251
-5.4526
-5.45299
-5.45395
-5.45322
-5.45278
-5.45047
-5.44803
-5.44685
-5.44764
-5.45068
-5.44935
-5.45182
-5.45268
-5.45408
-5.45476
-5.4529
-5.45159
-5.45096
-5.45047
-5.44919
-5.45068
-5.4497
-5.45137
-5.45237
-5.45037
-5.44795
-5.44678
-5.44693
-5.4446
-5.445
-5.4459
-5.44894
-5.45216
-5.45446
-5.45337
-5.45291
-5.45333
-5.45374
-5.4505
-5.45102
-5.44981
-5.44801
-5.44929
-5.45217
-5.45549
-5.45451
-5.45358
-5.45486
-5.4541
-5.45245
-5.45229
-5.45043
-5.44917
-5.4498
-5.44811
-5.45016
-5.45326
-5.45074
-5.45122
-5.4511
-5.45143
-5.45266
-5.45332
-5.45187
-5.4529
-5.45447
-5.45105
-5.4503
-5.45149
-5.45162
-5.45322
-5.45401
-5.45431
-5.45348
-5.45286
-5.4512
-5.4518
-5.45018
-5.45155
-5.45077
-5.45007
-5.45174
-5.45157
-5.45178
-5.45101
-5.45145
-5.45273
-5.45294
-5.45212
-5.45002
-5.4483
-5.44632
-5.44763
-5.44737
-5.44713
-5.44821
-5.44776
-5.44846
-5.4507
-5.45283
-5.45371
-5.45344
-5.45571
-5.45753
-5.45473
-5.45322
-5.45312
-5.45036
-5.44695
-5.44555
-5.44491
-5.4444
-5.44277
-5.44241
-5.44146
-5.44189
-5.44463
-5.44798
-5.45015
-5.45031
-5.45253
-5.45326
-5.45358
-5.45386
-5.45495
-5.45602
-5.4573
-5.45527
-5.45332
-5.45494
-5.45516
-5.45318
-5.45493
-5.45422
-5.4551
-5.45607
-5.45561
-5.4542
-5.45433
-5.45339
-5.45206
-5.45079
-5.45011
-5.44928
-5.44912
-5.44939
-5.44869
-5.4507
-5.45133
-5.45234
-5.45237
-5.45115
-5.44883
-5.44788
-5.44683
-5.44578
-5.44665
-5.44909
-5.44944
-5.4499
-5.44876
-5.44854
-5.44791
-5.44587
-5.44823
-5.45072
-5.45041
-5.45056
-5.44993
-5.45177
-5.44993
-5.45091
-5.45277
-5.45171
-5.45105
-5.45093
-5.45177
-5.45131
-5.4524
-5.45038
-5.45032
-5.44924
-5.44941
-5.44956
-5.45066
-5.45037
-5.45183
-5.45236
-5.45292
-5.45068
-5.44931
-5.45122
-5.45101
-5.45099
-5.45112
-5.45097
-5.45174
-5.45085
-5.44969
-5.44845
-5.44758
-5.45098
-5.45333
-5.4538
-5.45668
-5.45818
-5.45656
-5.4561
-5.45375
-5.45461
-5.45239
-5.45143
-5.45336
-5.45332
-5.45311
-5.45296
-5.45374
-5.45444
-5.45537
-5.45617
-5.45876
-5.45887
-5.45747
-5.45714
-5.45728
-5.45533
-5.45363
-5.44998
-5.44904
-5.44837
-5.44615
-5.44497
-5.44597
-5.44445
-5.4452
-5.44506
-5.44542
-5.44794
-5.44869
-5.45015
-5.45023
-5.45169
-5.45218
-5.45298
-5.45414
-5.45415
-5.45245
-5.4527
-5.45172
-5.45052
-5.44942
-5.44934
-5.44892
-5.44906
-5.45234
-5.451
-5.45094
-5.4506
-5.45101
-5.4512
-5.45016
-5.45301
-5.45198
-5.45228
-5.45003
-5.44942
-5.44945
-5.4481
-5.44735
-5.44763
-5.44875
-5.44792
-5.45121
-5.45062
-5.45197
-5.4519
-5.4508
-5.44959
-5.45046
-5.45141
-5.45186
-5.454
-5.45601
-5.45499
-5.45456
-5.45815
-5.45705
-5.45657
-5.45625
-5.4559
-5.4537
-5.4523
-5.45301
-5.45359
-5.45119
-5.45288
-5.44922
-5.44655
-5.44668
-5.44636
-5.44564
-5.44527
-5.44731
-5.44727
-5.44899
-5.4511
-5.45317
-5.4535
-5.45399
-5.45402
-5.45264
-5.45149
-5.44966
-5.4498
-5.44975
-5.45019
-5.45048
-5.45151
-5.45223
-5.45419
-5.45375
-5.45539
-5.45552
-5.45353
-5.45272
-5.4516
-5.44929
-5.44911
-5.45107
-5.45093
-5.4499
-5.45139
-5.45371
-5.45263
-5.45281
-5.45475
-5.45472
-5.45406
-5.45487
-5.45205
-5.45147
-5.45264
-5.45425
-5.45383
-5.45288
-5.45034
-5.44869
-5.44773
-5.44753
-5.44674
-5.44688
-5.44361
-5.44236
-5.44504
-5.44746
-5.448
-5.45049
-5.45062
-5.45246
-5.45626
-5.45947
-5.45862
-5.45574
-5.45535
-5.45715
-5.45795
-5.4546
-5.45487
-5.45574
-5.45546
-5.45338
-5.45351
-5.45022
-5.44948
-5.45098
-5.44977
-5.44926
-5.45035
-5.45016
-5.4504
-5.45083
-5.45274
-5.45443
-5.45292
-5.45267
-5.45395
-5.45403
-5.45381
-5.45297
-5.45264
-5.45202
-5.45062
-5.45014
-5.44921
-5.45129
-5.45136
-5.45126
-5.4526
-5.45306
-5.45299
-5.45142
-5.45166
-5.45157
-5.45128
-5.45118
-5.45063
-5.45156
-5.45258
-5.45038
-5.44813
-5.44674
-5.44624
-5.44765
-5.4475
-5.44652
-5.4467
-5.44639
-5.4491
-5.44862
-5.44881
-5.44959
-5.45094
-5.45022
-5.45228
-5.45264
-5.45232
-5.45203
-5.45179
-5.45547
-5.45299
-5.45397
-5.45576
-5.45571
-5.4548
-5.45376
-5.45432
-5.45142
-5.4526
-5.44915
-5.44886
-5.44876
-5.44682
-5.44617
-5.44575
-5.44748
-5.4485
-5.44861
-5.44827
-5.45017
-5.45204
-5.45535
-5.45757
-5.45713
-5.45774
-5.45685
-5.45656
-5.45645
-5.45351
-5.45177
-5.45226
-5.45071
-5.44962
-5.44983
-5.44964
-5.44906
-5.44714
-5.44497
-5.44492
-5.44642
-5.44565
-5.44707
-5.44899
-5.44967
-5.44997
-5.4504
-5.45088
-5.45073
-5.4506
-5.45126
-5.44891
-5.45238
-5.45491
-5.45426
-5.45365
-5.45571
-5.45459
-5.4539
-5.45205
-5.45164
-5.45492
-5.45403
-5.45336
-5.45405
-5.45244
-5.45276
-5.45026
-5.44998
-5.45011
-5.45008
-5.44762
-5.44754
-5.4508
-5.45036
-5.44793
-5.45039
-5.45158
-5.45076
-5.45298
-5.45388
-5.4543
-5.45407
-5.45436
-5.45519
-5.45371
-5.45265
-5.45373
-5.45446
-5.45363
-5.4536
-5.45281
-5.45259
-5.45196
-5.45022
-5.45085
-5.44992
-5.45132
-5.45315
-5.45248
-5.45445
-5.45637
-5.45649
-5.45374
-5.45166
-5.45092
-5.45127
-5.44894
-5.44761
-5.44833
-5.44857
-5.44894
-5.45012
-5.45044
-5.4496
-5.45021
-5.44936
-5.44733
-5.44956
-5.45013
-5.44826
-5.45101
-5.4542
-5.45373
-5.45297
-5.45134
-5.4517
-5.45198
-5.45271
-5.45225
-5.45322
-5.45218
-5.44956
-5.44808
-5.4468
-5.44832
-5.4487
-5.44922
-5.4502
-5.4491
-5.44854
-5.4507
-5.45223
-5.45295
-5.4527
-5.45206
-5.45365
-5.45589
-5.45469
-5.45244
-5.44991
-5.45144
-5.44872
-5.44802
-5.44878
-5.44901
-5.44953
-5.4517
-5.4533
-5.45412
-5.45408
-5.45162
-5.45148
-5.45063
-5.45026
-5.45022
-5.45057
-5.45127
-5.45283
-5.4535
-5.45279
-5.45286
-5.4517
-5.45154
-5.45078
-5.44913
-5.44986
-5.4469
-5.44589
-5.44508
-5.44475
-5.4483
-5.45043
-5.45172
-5.45379
-5.45431
-5.4521
-5.45118
-5.45094
-5.45265
-5.45299
-5.45288
-5.45353
-5.45297
-5.45283
-5.45352
-5.45386
-5.45429
-5.45616
-5.45652
-5.45501
-5.45511
-5.45357
-5.45238
-5.45226
-5.45267
-5.45109
-5.45073
-5.45149
-5.45093
-5.4518
-5.45111
-5.45016
-5.45099
-5.44915
-5.45248
-5.45482
-5.45324
-5.45352
-5.45078
-5.45057
-5.45066
-5.4492
-5.4482
-5.44773
-5.44783
-5.44946
-5.44838
-5.44936
-5.45039
-5.45171
-5.45264
-5.45541
-5.45811
-5.45721
-5.45656
-5.45477
-5.454
-5.45457
-5.45238
-5.45117
-5.45013
-5.44999
-5.45103
-5.45213
-5.45349
-5.45277
-5.45391
-5.45568
-5.45556
-5.4558
-5.45475
-5.45431
-5.4557
-5.45339
-5.45097
-5.44981
-5.45002
-5.45077
-5.44827
-5.44709
-5.44716
-5.44861
-5.44862
-5.44865
-5.44996
-5.44874
-5.44863
-5.44649
-5.44532
-5.4455
-5.44649
-5.44808
-5.44904
-5.44833
-5.44998
-5.45182
-5.45233
-5.45147
-5.44935
-5.44878
-5.44869
-5.44959
-5.45153
-5.45116
-5.45118
-5.45071
-5.45219
-5.45203
-5.44969
-5.44919
-5.44647
-5.44714
-5.44865
-5.45004
-5.45095
-5.45005
-5.45251
-5.45375
-5.45406
-5.45467
-5.45477
-5.45459
-5.45537
-5.45424
-5.45389
-5.45281
-5.45331
-5.45443
-5.45263
-5.44992
-5.44935
-5.44812
-5.44862
-5.4512
-5.4516
-5.45324
-5.45553
-5.45783
-5.45857
-5.45703
-5.45556
-5.45438
-5.45377
-5.45144
-5.45119
-5.45086
-5.45139
-5.45223
-5.45246
-5.45281
-5.45191
-5.45273
-5.45183
-5.45387
-5.4537
-5.45386
-5.45363
-5.45458
-5.45314
-5.4526
-5.4513
-5.44914
-5.44835
-5.44606
-5.44662
-5.44667
-5.44674
-5.44435
-5.44407
-5.44589
-5.44808
-5.44888
-5.45165
-5.4526
-5.45281
-5.45147
-5.4515
-5.45005
-5.44928
-5.44683
-5.44552
-5.44418
-5.44514
-5.44607
-5.44718
-5.45001
-5.44932
-5.45094
-5.45489
-5.45437
-5.45318
-5.45218
-5.45065
-5.45122
-5.44846
-5.44801
-5.45061
-5.45235
-5.44932
-5.44987
-5.45012
-5.44869
-5.45135
-5.44959
-5.4499
-5.44968
-5.44869
-5.44765
-5.44991
-5.44949
-5.45169
-5.45106
-5.45357
-5.45382
-5.45222
-5.45327
-5.45283
-5.45329
-5.45315
-5.45342
-5.45116
-5.45086
-5.45118
-5.45145
-5.45144
-5.45189
-5.45383
-5.45331
-5.45244
-5.45459
-5.45413
-5.45462
-5.45425
-5.45223
-5.45135
-5.4505
-5.45108
-5.45243
-5.45208
-5.45298
-5.45386
-5.45394
-5.45515
-5.45375
-5.45131
-5.45042
-5.44844
-5.44761
-5.44856
-5.44864
-5.45002
-5.45019
-5.44966
-5.44885
-5.44913
-5.45053
-5.45303
-5.45467
-5.45541
-5.45615
-5.45812
-5.45829
-5.45624
-5.45516
-5.45084
-5.45144
-5.45028
-5.44885
-5.44798
-5.44725
-5.44969
-5.45006
-5.45211
-5.45302
-5.45265
-5.45414
-5.45766
-5.45918
-5.45798
-5.45859
-5.46045
-5.45726
