-6.65891
-6.66997
-6.68044
-6.69292
-6.70008
-6.705
-6.70542
-6.69548
-6.68405
-6.67008
-6.65967
-6.65642
-6.65958
-6.66715
-6.6741
-6.67992
-6.68191
-6.68065
-6.67804
-6.66706
-6.65365
-6.63934
-6.62884
-6.62506
-6.62886
-6.63833
-6.65447
-6.6727
-6.68728
-6.70327
-6.70717
-6.70912
-6.70827
-6.70249
-6.69431
-6.6872
-6.68264
-6.67705
-6.67307
-6.66665
-6.66045
-6.65366
-6.64556
-6.64379
-6.64348
-6.64214
-6.64152
-6.63407
-6.62768
-6.61949
-6.61536
-6.61178
-6.61107
-6.61412
-6.61882
-6.62449
-6.6285
-6.63234
-6.63188
-6.62644
-6.62398
-6.61745
-6.612
-6.61066
-6.60992
-6.61428
-6.61865
-6.62544
-6.63481
-6.63824
-6.64023
-6.63614
-6.62947
-6.62009
-6.61479
-6.61262
-6.62008
-6.63405
-6.65573
-6.68132
-6.70807
-6.73185
-6.75021
-6.75689
-6.75292
-6.73554
-6.70959
-6.67657
-6.64343
-6.61569
-6.59049
-6.57544
-6.57227
-6.57529
-6.58147
-6.59111
-6.60057
-6.6133
-6.62299
-6.62802
-6.63448
-6.63869
-6.64544
-6.65231
-6.66189
-6.67435
-6.68162
-6.69097
-6.69859
-6.70301
-6.70534
-6.7053
-6.69986
-6.69045
-6.67504
-6.65662
-6.63895
-6.62598
-6.62142
-6.62115
-6.63384
-6.65213
-6.6744
-6.69513
-6.70904
-6.71729
-6.71959
-6.71632
-6.70818
-6.70059
-6.68982
-6.68193
-6.67382
-6.66265
-6.65004
-6.63687
-6.62307
-6.60554
-6.59075
-6.57799
-6.5708
-6.56911
-6.5732
-6.58022
-6.5917
-6.60403
-6.61243
-6.6109
-6.60723
-6.59957
-6.59539
-6.60476
-6.62893
-6.66402
-6.69875
-6.73051
-6.75647
-6.76991
-6.77186
-6.7661
-6.75169
-6.73346
-6.71545
-6.6962
-6.68413
-6.67791
-6.67074
-6.66953
-6.66801
-6.66475
-6.65877
-6.64855
-6.63374
-6.62082
-6.61005
-6.59795
-6.5936
-6.5967
-6.60384
-6.61635
-6.63038
-6.64453
-6.65655
-6.66644
-6.67199
-6.67603
-6.67432
-6.6727
-6.66695
-6.6603
-6.65601
-6.65087
-6.64794
-6.64618
-6.6473
-6.64982
-6.65061
-6.6489
-6.64425
-6.63864
-6.63204
-6.62859
-6.62396
-6.62005
-6.61837
-6.61663
-6.61874
-6.62723
-6.64288
-6.66602
-6.6962
-6.73433
-6.77326
-6.80439
-6.82986
-6.84709
-6.85052
-6.84183
-6.824
-6.79671
-6.76041
-6.71534
-6.66621
-6.61455
-6.5664
-6.52662
-6.49681
-6.47735
-6.46772
-6.47057
-6.48019
-6.49623
-6.51851
-6.54701
-6.57849
-6.60921
-6.63133
-6.64489
-6.65206
-6.64893
-6.63782
-6.62908
-6.62131
-6.62244
-6.63308
-6.65154
-6.67615
-6.70584
-6.73381
-6.75662
-6.77135
-6.77677
-6.77259
-6.76227
-6.74953
-6.73692
-6.73046
-6.72629
-6.72442
-6.72044
-6.71094
-6.69389
-6.67137
-6.64338
-6.61281
-6.58479
-6.56186
-6.5427
-6.531
-6.5257
-6.52914
-6.53932
-6.55423
-6.57844
-6.60611
-6.63224
-6.65811
-6.6808
-6.70231
-6.71536
-6.72531
-6.72931
-6.72295
-6.70987
-6.69164
-6.67127
-6.64976
-6.63295
-6.61816
-6.61112
-6.6087
-6.61268
-6.62152
-6.63598
-6.65322
-6.675
-6.69627
-6.71506
-6.72586
-6.73078
-6.73184
-6.72462
-6.71308
-6.69895
-6.68292
-6.66617
-6.64544
-6.62211
-6.59779
-6.57606
-6.56464
-6.5615
-6.56752
-6.58654
-6.61185
-6.63694
-6.66094
-6.67701
-6.68868
-6.69029
-6.68838
-6.68763
-6.68621
-6.68827
-6.69515
-6.70778
-6.72456
-6.74491
-6.76742
-6.79249
-6.81416
-6.83122
-6.84402
-6.84989
-6.84463
-6.82945
-6.80169
-6.7665
-6.72328
-6.67351
-6.62385
-6.57882
-6.53524
-6.49815
-6.46469
-6.43756
-6.42043
-6.41138
-6.41414
-6.42661
-6.44999
-6.47912
-6.51194
-6.54525
-6.57515
-6.59972
-6.62218
-6.63967
-6.65405
-6.66669
-6.67937
-6.6909
-6.70169
-6.71334
-6.71713
-6.71834
-6.71558
-6.71068
-6.70367
-6.69439
-6.68831
-6.67779
-6.66812
-6.65584
-6.64554
-6.63625
-6.62554
-6.6146
-6.60378
-6.59415
-6.58546
-6.58673
-6.5914
-6.60377
-6.6165
-6.62563
-6.62935
-6.62995
-6.62808
-6.6276
-6.63529
-6.65244
-6.67665
-6.70908
-6.74868
-6.78165
-6.80897
-6.82749
-6.83606
-6.83317
-6.82266
-6.80747
-6.78718
-6.76114
-6.73884
-6.71276
-6.69011
-6.67222
-6.6546
-6.6362
-6.61749
-6.60133
-6.58485
-6.57365
-6.56749
-6.56615
-6.56703
-6.57064
-6.57485
-6.57741
-6.5789
-6.57766
-6.57633
-6.57352
-6.57144
-6.57123
-6.57514
-6.58267
-6.59521
-6.60821
-6.62459
-6.63869
-6.64785
-6.65386
-6.65468
-6.65
-6.64458
-6.64041
-6.63516
-6.6313
-6.63241
-6.63572
-6.63536
-6.63486
-6.63514
-6.63473
-6.63821
-6.65048
-6.66717
-6.69212
-6.72048
-6.74556
-6.75999
-6.7621
-6.74986
-6.72704
-6.69646
-6.66222
-6.62716
-6.59624
-6.56736
-6.54705
-6.53778
-6.53588
-6.54041
-6.55566
-6.57695
-6.60674
-6.64255
-6.67889
-6.70999
-6.73663
-6.7624
-6.78607
-6.80387
-6.81284
-6.8214
-6.82666
-6.82577
-6.81612
-6.80041
-6.7734
-6.74316
-6.71239
-6.67875
-6.64695
-6.61807
-6.58913
-6.56237
-6.53903
-6.52235
-6.51214
-6.50611
-6.50879
-6.51989
-6.53517
-6.55282
-6.56949
-6.58396
-6.59484
-6.60276
-6.61179
-6.62304
-6.64151
-6.66236
-6.68627
-6.71307
-6.73841
-6.76044
-6.77602
-6.7868
-6.78979
-6.78562
-6.77634
-6.76329
-6.75035
-6.73758
-6.72224
-6.70731
-6.69288
-6.678
-6.66306
-6.64467
-6.6245
-6.60622
-6.59001
-6.58073
-6.57297
-6.57092
-6.57442
-6.58271
-6.59213
-6.60626
-6.61945
-6.63211
-6.64493
-6.65834
-6.67668
-6.69005
-6.70765
-6.72546
-6.73888
-6.74668
-6.7478
-6.74318
-6.72817
-6.71173
-6.68728
-6.665
-6.64417
-6.62429
-6.60907
-6.59689
-6.58858
-6.58034
-6.57185
-6.56477
-6.56429
-6.57125
-6.5895
-6.61677
-6.64899
-6.68506
-6.71679
-6.74157
-6.75628
-6.75758
-6.75108
-6.74045
-6.72406
-6.70629
-6.68871
-6.66932
-6.64732
-6.62115
-6.59198
-6.56334
-6.53688
-6.51163
-6.495
-6.48753
-6.48867
-6.49927
-6.51864
-6.54445
-6.57302
-6.60195
-6.62947
-6.65032
-6.67279
-6.69034
-6.70112
-6.70883
-6.71671
-6.71963
-6.72199
-6.72332
-6.7277
-6.73873
-6.74954
-6.76428
-6.78234
-6.79695
-6.80872
-6.80998
-6.80432
-6.79004
-6.76789
-6.73732
-6.70452
-6.67145
-6.63241
-6.59141
-6.55853
-6.53122
-6.51184
-6.50735
-6.51405
-6.53197
-6.55852
-6.59101
-6.62489
-6.65327
-6.67584
-6.69255
-6.7001
-6.69743
-6.68789
-6.67172
-6.6526
-6.63201
-6.61137
-6.5956
-6.58164
-6.57396
-6.57146
-6.5722
-6.58214
-6.59864
-6.61885
-6.63941
-6.66092
-6.68105
-6.69713
-6.70381
-6.70444
-6.70073
-6.69151
-6.67899
-6.66521
-6.64992
-6.63404
-6.62164
-6.61134
-6.60488
-6.60865
-6.61677
-6.6274
-6.64553
-6.66469
-6.67917
-6.69199
-6.70327
-6.71674
-6.73025
-6.74298
-6.75107
-6.75505
-6.75013
-6.73657
-6.71806
-6.69551
-6.67367
-6.65046
-6.6286
-6.60978
-6.59305
-6.58304
-6.58374
-6.59269
-6.60904
-6.6302
-6.65325
-6.6769
-6.69615
-6.70424
-6.70204
-6.69007
-6.67374
-6.64692
-6.61941
-6.59503
-6.57655
-6.56865
-6.5745
-6.59087
-6.61397
-6.63871
-6.65836
-6.67376
-6.68004
-6.67886
-6.6725
-6.66467
-6.65911
-6.65929
-6.66499
-6.67573
-6.69231
-6.71043
-6.72957
-6.74528
-6.75458
-6.75846
-6.74909
-6.73142
-6.70455
-6.67203
-6.64296
-6.61819
-6.60195
-6.59546
-6.59394
-6.5941
-6.59927
-6.60908
-6.62498
-6.64339
-6.66424
-6.68701
-6.70752
-6.72503
-6.73804
-6.74444
-6.74491
-6.742
-6.73416
-6.722
-6.70932
-6.69265
-6.67389
-6.65437
-6.63506
-6.61585
-6.60275
-6.59765
-6.5989
-6.60818
-6.62014
-6.63341
-6.64782
-6.65774
-6.67055
-6.68002
-6.68293
-6.68447
-6.67881
-6.67063
-6.65729
-6.63704
-6.6129
-6.5867
-6.56071
-6.53838
-6.51763
-6.50493
-6.49913
-6.50059
-6.50811
-6.52307
-6.54267
-6.56278
-6.58679
-6.61224
-6.63906
-6.66464
-6.68252
-6.69555
-6.70385
-6.71027
-6.71744
-6.72574
-6.73539
-6.74299
-6.7513
-6.75856
-6.76241
-6.76563
-6.76682
-6.76768
-6.7687
-6.76311
-6.7532
-6.73953
-6.72233
-6.70219
-6.67795
-6.65755
-6.64416
-6.6399
-6.64175
-6.6489
-6.65935
-6.66615
-6.67064
-6.6683
-6.66162
-6.65126
-6.63772
-6.6229
-6.60873
-6.5973
-6.59473
-6.59874
-6.60536
-6.61063
-6.61104
-6.60744
-6.59916
-6.5892
-6.58137
-6.57582
-6.57717
-6.58413
-6.59671
-6.60787
-6.61401
-6.6174
-6.61371
-6.60949
-6.604
-6.59823
-6.59371
-6.59066
-6.59545
-6.60454
-6.61892
-6.63993
-6.66574
-6.6943
-6.72376
-6.74802
-6.76729
-6.77862
-6.78373
-6.78136
-6.76783
-6.74531
-6.71806
-6.68582
-6.65464
-6.62936
-6.61027
-6.60428
-6.61238
-6.63243
-6.65846
-6.6834
-6.70317
-6.71313
-6.71128
-6.69591
-6.6742
-6.64921
-6.62755
-6.61315
-6.60699
-6.60896
-6.61509
-6.62573
-6.63587
-6.64978
-6.66267
-6.67749
-6.69328
-6.71065
-6.72488
-6.73824
-6.74816
-6.75309
-6.75292
-6.74229
-6.72409
-6.69526
-6.65868
-6.61584
-6.57612
-6.5444
-6.52333
-6.51428
-6.522
-6.5419
-6.57203
-6.60665
-6.64277
-6.67202
-6.69243
-6.69976
-6.69727
-6.68613
-6.67201
-6.65594
-6.64058
-6.62887
-6.61619
-6.6088
-6.60731
-6.60556
-6.60761
-6.6136
-6.62112
-6.63082
-6.6359
-6.64171
-6.6499
-6.65788
-6.66274
-6.67336
-6.68609
-6.69944
-6.71831
-6.73257
-6.74655
-6.75566
-6.75796
-6.75322
-6.74474
-6.72797
-6.71114
-6.69272
-6.68204
-6.67502
-6.67097
-6.67182
-6.67095
-6.66934
-6.66538
-6.66084
-6.65358
-6.6485
-6.64415
-6.63941
-6.63397
-6.62946
-6.62859
-6.62919
-6.63405
-6.64529
-6.65445
-6.66156
-6.66191
-6.65336
-6.63928
-6.62114
-6.60453
-6.59338
-6.58886
-6.5951
-6.60895
-6.62545
-6.64156
-6.64927
-6.64783
-6.64058
-6.62886
-6.62036
-6.61939
-6.62305
-6.63057
-6.63652
-6.63986
-6.64099
-6.64211
-6.64461
-6.64984
-6.65711
-6.66728
-6.68168
-6.70126
-6.72179
-6.74058
-6.75778
-6.76588
-6.77007
-6.76158
-6.74129
-6.7114
-6.67491
-6.64012
-6.60751
-6.58544
-6.57385
-6.5735
-6.58723
-6.61368
-6.64582
-6.67871
-6.7122
-6.74154
-6.75755
