0.0345996 0 0
0.0576661 0 0
0.0807325 0 0
0.103799 0 0
0.126865 0 0
0.149932 0 0
0.172998 0 0
0.196065 0 0
0.219131 0 0
0.242198 0 0
0.265264 0 0
0.28833 0 0
0.311397 0 0
0.334463 0 0
0.35753 0 0
0.380596 0 0
0.403663 0 0
0.426729 0 0
0.449795 0 0
0.472862 0 0
0.495928 0 0
0.518995 0 0
0.542061 0 0
0.565128 0 0
0.588194 0 0
0.61126 0 0
0.634327 0 0
0.657393 0 0
0.68046 0 0
0.703526 0 0
0.726593 0 0
0.749659 0 0
0.772725 0 0
0.795792 0 0
0.818858 0 0
0.841925 0 0
0.864991 0 0
0.888058 0 0
0.911124 0 0
0.93419 0.00199642 0.00113958
0.957257 0.0196475 0.00373691
0.980323 0.160144 0.0104255
1.00339 0.492632 0.00984958
1.02646 1.13276 0.0150592
1.04952 1.75682 nan
1.07259 2.18488 nan
1.09566 2.2956 nan
1.11872 2.07662 nan
1.14179 1.72003 nan
1.16485 1.28535 nan
1.18792 0.903377 nan
1.21099 0.572267 0.00659395
1.23405 0.327594 0.00818329
1.25712 0.17787 0.00724503
1.28019 0.0896572 0.00590535
1.30325 0.0400074 0.00457118
1.32632 0.0303741 0.00335652
1.34939 0.0232843 0.00264905
1.37245 0.0320665 0.00293909
1.39552 0.0572589 0.00412419
1.41859 0.0868699 0.00416478
1.44165 0.157606 0.00511871
1.46472 0.23227 0.00711941
1.48778 0.290195 0.00683647
1.51085 0.376559 0.00573505
1.53392 0.430978 0.00458515
1.55698 0.470292 nan
1.58005 0.436422 0.0043253
1.60312 0.387344 0.00495108
1.62618 0.314939 0.00386573
1.64925 0.236583 0.00349718
1.67232 0.161569 0.00481027
1.69538 0.108709 0.00306501
1.71845 0.0955828 0.00384812
1.74152 0.138069 0.00515515
1.76458 0.224947 0.00587757
1.78765 0.390016 0.000692879
1.81071 0.596431 nan
1.83378 0.84698 nan
1.85685 1.07807 nan
1.87991 1.23255 nan
1.90298 1.29603 nan
1.92605 1.22509 nan
1.94911 1.05501 nan
1.97218 0.803057 nan
1.99525 0.597565 nan
2.01831 0.408761 nan
2.04138 0.280693 0.00349655
2.06445 0.234391 0.00492907
2.08751 0.240568 0.00288719
2.11058 0.293489 0.00173882
2.13364 0.372272 nan
2.15671 0.440393 nan
2.17978 0.485639 nan
2.20284 0.478035 nan
2.22591 0.433013 nan
2.24898 0.397995 nan
2.27204 0.319412 nan
2.29511 0.292296 0.00326177
2.31818 0.297856 0.002225
