0.86399
0.870898
0.879614
0.888778
0.89642
0.90046
0.899623
0.893971
0.885093
0.875725
0.868713
0.865884
0.867342
0.871732
0.877061
0.881481
0.883687
0.882856
0.878671
0.871403
0.861978
0.852162
0.844181
0.840207
0.841693
0.848803
0.860266
0.87376
0.886527
0.896223
0.901658
0.902763
0.900502
0.896389
0.891821
0.887739
0.884353
0.881239
0.877689
0.873319
0.868342
0.863547
0.859863
0.857709
0.856703
0.855788
0.853822
0.850206
0.84517
0.839645
0.834833
0.83177
0.831009
0.832547
0.835853
0.839969
0.843715
0.845998
0.846134
0.844033
0.840213
0.835695
0.83161
0.82901
0.828687
0.830911
0.835352
0.840981
0.846284
0.849749
0.850332
0.847865
0.843144
0.837692
0.833371
0.832091
0.835556
0.844914
0.860006
0.87914
0.899445
0.917668
0.930781
0.93649
0.933535
0.921896
0.903052
0.879895
0.85604
0.834888
0.818754
0.808582
0.804279
0.805084
0.809765
0.816879
0.824954
0.832676
0.839189
0.844197
0.84804
0.851563
0.85568
0.861037
0.867688
0.875093
0.882366
0.888618
0.893389
0.896545
0.897963
0.897231
0.893798
0.887241
0.87768
0.86602
0.853982
0.843934
0.83837
0.839153
0.846606
0.859334
0.874567
0.889212
0.900728
0.907714
0.909858
0.907831
0.902822
0.896194
0.889045
0.882061
0.875407
0.868711
0.861276
0.852523
0.842333
0.831234
0.82014
0.810164
0.802682
0.799088
0.800385
0.806311
0.815033
0.82373
0.829562
0.830828
0.827766
0.823053
0.821318
0.827221
0.842765
0.865955
0.892037
0.915919
0.933933
0.944305
0.946941
0.942856
0.933689
0.921305
0.907688
0.894871
0.884552
0.877736
0.874353
0.873113
0.872089
0.869465
0.864191
0.856251
0.846499
0.836309
0.827288
0.820963
0.818334
0.819726
0.824844
0.832806
0.842473
0.852589
0.861977
0.869654
0.87492
0.877435
0.877372
0.875178
0.871559
0.867213
0.862854
0.859231
0.856936
0.856214
0.856707
0.857608
0.858035
0.857388
0.855531
0.852697
0.849327
0.845846
0.842658
0.839978
0.83796
0.837019
0.83805
0.842601
0.852474
0.868722
0.890959
0.917141
0.944233
0.969027
0.988735
1.00138
1.00592
1.00207
0.990074
0.97061
0.944485
0.912765
0.87715
0.840123
0.804635
0.773575
0.749349
0.733547
0.726395
0.72685
0.733342
0.744822
0.760891
0.780908
0.803106
0.824604
0.842244
0.853574
0.857631
0.855183
0.848518
0.840849
0.8357
0.835878
0.842935
0.856755
0.875758
0.897348
0.91847
0.936101
0.947784
0.952243
0.949798
0.942377
0.932879
0.92418
0.91799
0.914483
0.912375
0.909454
0.903404
0.892652
0.876906
0.857232
0.83568
0.814577
0.796048
0.781788
0.772912
0.769876
0.77255
0.780451
0.792832
0.808788
0.827165
0.846477
0.865251
0.88229
0.896651
0.907525
0.914077
0.91563
0.911769
0.902699
0.889471
0.873979
0.85861
0.845533
0.83621
0.831118
0.830141
0.832928
0.839265
0.849026
0.861828
0.87666
0.891803
0.90511
0.914647
0.919238
0.918617
0.913491
0.905082
0.894671
0.883072
0.870272
0.855795
0.839605
0.82275
0.80752
0.796687
0.792674
0.796723
0.808495
0.825882
0.845391
0.863256
0.876715
0.884609
0.887413
0.886728
0.88476
0.883757
0.885406
0.890545
0.899196
0.910937
0.925116
0.940963
0.957386
0.973126
0.986611
0.996195
1.00038
0.997969
0.988133
0.970534
0.945521
0.914455
0.879739
0.844336
0.810715
0.780006
0.752364
0.728037
0.707957
0.693602
0.686442
0.68739
0.696442
0.712439
0.73335
0.756733
0.780208
0.802041
0.821229
0.837444
0.850935
0.86232
0.872362
0.881677
0.890403
0.898179
0.904287
0.90803
0.908964
0.907198
0.903314
0.898056
0.892046
0.885516
0.878584
0.871304
0.863989
0.856909
0.850109
0.843273
0.835833
0.82773
0.819873
0.814137
0.812649
0.8165
0.82454
0.833887
0.841355
0.844968
0.844759
0.842707
0.842027
0.846068
0.857119
0.875548
0.899549
0.92583
0.950713
0.971021
0.98478
0.991292
0.990797
0.984149
0.972536
0.957289
0.940041
0.922511
0.906142
0.891562
0.878405
0.865776
0.852866
0.839466
0.826168
0.81417
0.80473
0.798683
0.796182
0.796589
0.798862
0.801915
0.804798
0.806723
0.807164
0.806089
0.804073
0.802233
0.801865
0.803965
0.808937
0.816659
0.82647
0.83723
0.847435
0.855585
0.860567
0.861989
0.860266
0.856436
0.851957
0.848218
0.846163
0.845879
0.846595
0.847119
0.846625
0.84541
0.845126
0.848161
0.856524
0.870781
0.889426
0.909275
0.926412
0.937257
0.939494
0.932415
0.916963
0.895337
0.870481
0.845457
0.822778
0.804075
0.790161
0.781431
0.778271
0.78118
0.790486
0.80594
0.826352
0.849712
0.873898
0.89723
0.9188
0.937904
0.953872
0.966286
0.975285
0.981339
0.984549
0.984099
0.97858
0.967016
0.9497
0.92816
0.904584
0.880907
0.858061
0.836166
0.815175
0.795452
0.778091
0.764512
0.755813
0.75252
0.754657
0.761833
0.77293
0.785985
0.79877
0.809578
0.817979
0.824788
0.831739
0.840636
0.852603
0.867775
0.885306
0.903896
0.922062
0.938201
0.950734
0.95843
0.960678
0.957846
0.951141
0.94201
0.931884
0.92181
0.91222
0.902967
0.893448
0.882949
0.871
0.857678
0.843672
0.830191
0.818581
0.809815
0.804497
0.802872
0.804847
0.809917
0.817326
0.826126
0.835499
0.844977
0.85455
0.864527
0.875216
0.886805
0.898928
0.910631
0.920468
0.926829
0.928412
0.924624
0.915786
0.902922
0.887593
0.871538
0.856394
0.843301
0.832662
0.824073
0.816739
0.809969
0.803688
0.798765
0.797028
0.80074
0.811636
0.829929
0.853779
0.87967
0.903491
0.921807
0.93263
0.935733
0.93226
0.924139
0.913307
0.901132
0.888137
0.874117
0.85848
0.84077
0.821063
0.800189
0.779753
0.761885
0.748693
0.741834
0.742168
0.74969
0.76352
0.782016
0.802998
0.824207
0.843825
0.860777
0.874646
0.885599
0.893952
0.900031
0.904279
0.907223
0.909451
0.911785
0.915281
0.920937
0.929484
0.940737
0.953414
0.965269
0.973633
0.976383
0.972454
0.961934
0.945779
0.925256
0.901368
0.874825
0.84664
0.818475
0.792658
0.771839
0.758286
0.753387
0.757616
0.770392
0.78995
0.813464
0.837606
0.859416
0.876674
0.888082
0.893063
0.891714
0.88477
0.873547
0.859742
0.845167
0.83137
0.819398
0.809881
0.803245
0.800077
0.80111
0.806924
0.817568
0.832241
0.849271
0.866505
0.88175
0.893228
0.899815
0.901254
0.898011
0.891112
0.881685
0.870767
0.859365
0.848379
0.83888
0.831983
0.828754
0.829869
0.835384
0.844517
0.855742
0.867393
0.878311
0.888231
0.897669
0.907238
0.9169
0.925656
0.931905
0.934096
0.931268
0.923283
0.910858
0.895328
0.878264
0.861032
0.84469
0.830226
0.81881
0.811913
0.810842
0.81626
0.827668
0.843308
0.860606
0.876717
0.889125
0.895915
0.895955
0.889074
0.876027
0.858439
0.838852
0.8205
0.806833
0.800675
0.803355
0.814135
0.83041
0.848506
0.86466
0.876008
0.881223
0.880632
0.876017
0.870042
0.865469
0.864455
0.868122
0.876487
0.888548
0.90263
0.916724
0.928752
0.936752
0.939051
0.934381
0.922218
0.903188
0.879684
0.855851
0.836201
0.823388
0.81713
0.815642
0.817382
0.821836
0.829166
0.83953
0.85272
0.868031
0.884186
0.899577
0.912462
0.921453
0.925878
0.925912
0.922415
0.916426
0.908652
0.899315
0.888269
0.875449
0.86128
0.846874
0.834007
0.824697
0.820419
0.821743
0.827883
0.837127
0.847509
0.857427
0.866021
0.872937
0.878129
0.881413
0.882338
0.880211
0.874396
0.864578
0.850867
0.833973
0.815184
0.796127
0.778619
0.764266
0.754267
0.749277
0.749374
0.754189
0.763081
0.77541
0.790762
0.808774
0.828665
0.848816
0.867086
0.881749
0.892155
0.898973
0.903763
0.908243
0.913495
0.919543
0.925624
0.93086
0.934855
0.937762
0.93993
0.941571
0.942525
0.942248
0.939861
0.934401
0.925273
0.912554
0.897293
0.881422
0.867391
0.857566
0.853388
0.854732
0.859932
0.866596
0.872459
0.875817
0.87568
0.871664
0.863961
0.853345
0.841362
0.830307
0.822482
0.819396
0.820974
0.825432
0.829911
0.831765
0.829557
0.823577
0.815639
0.8085
0.804723
0.805693
0.811117
0.819215
0.827484
0.833693
0.836535
0.835827
0.832259
0.827135
0.821906
0.817942
0.816369
0.818072
0.823801
0.834069
0.848969
0.867743
0.888732
0.909672
0.928215
0.942544
0.951611
0.954976
0.95243
0.94387
0.929408
0.909928
0.887279
0.864146
0.843793
0.829553
0.823977
0.828218
0.841175
0.859636
0.878981
0.894495
0.902635
0.901731
0.892217
0.876549
0.858538
0.842336
0.831197
0.826528
0.827706
0.83285
0.840022
0.848082
0.856739
0.866287
0.876986
0.888687
0.900682
0.912125
0.922277
0.930481
0.935657
0.93611
0.930032
0.916328
0.895238
0.868471
0.838944
0.810137
0.78564
0.768642
0.76145
0.765051
0.77889
0.800746
0.827008
0.853363
0.875783
0.891258
0.898406
0.897553
0.890397
0.879382
0.866963
0.85493
0.844307
0.835555
0.828973
0.824979
0.824086
0.826459
0.831567
0.838176
0.844844
0.850579
0.85515
0.859224
0.863776
0.869546
0.876895
0.886015
0.896805
0.908644
0.920341
0.930326
0.937136
0.939544
0.936844
0.928992
0.917061
0.903149
0.890165
0.880524
0.875218
0.873428
0.87328
0.872967
0.871455
0.86867
0.865154
0.861502
0.858019
0.854607
0.850947
0.846983
0.84336
0.8413
0.842114
0.846304
0.852935
0.859971
0.8648
0.865324
0.860562
0.850927
0.838302
0.825741
0.81661
0.813566
0.817464
0.826934
0.838925
0.849805
0.856458
0.857202
0.852558
0.845449
0.839855
0.838449
0.841057
0.84554
0.849759
0.852591
0.854005
0.854622
0.855418
0.857401
0.861507
0.868394
0.87837
0.89122
0.906094
0.92132
0.934675
0.943756
0.946371
0.94102
0.927257
0.906065
0.879957
0.852758
0.828671
0.811049
0.801917
0.801936
0.810868
0.827602
0.849957
0.87486
0.898871
0.918927
0.932964
