0.803885
0.810195
0.818148
0.826514
0.833481
0.837167
0.836407
0.831242
0.823139
0.814584
0.80818
0.8056
0.806934
0.810946
0.81581
0.819844
0.821855
0.821096
0.817284
0.810646
0.802041
0.793078
0.785793
0.78217
0.783532
0.790021
0.800487
0.812804
0.824451
0.83331
0.838262
0.839272
0.837214
0.83346
0.829284
0.825553
0.822462
0.819616
0.816377
0.812387
0.807846
0.803468
0.800096
0.798133
0.797218
0.796382
0.794593
0.791285
0.786689
0.781644
0.777258
0.774463
0.77377
0.775176
0.778195
0.781953
0.785368
0.787455
0.787577
0.785652
0.782173
0.778047
0.774318
0.771951
0.771656
0.773689
0.777738
0.782875
0.787722
0.790881
0.791416
0.789163
0.784852
0.77987
0.775927
0.774757
0.777928
0.786474
0.800254
0.81772
0.836253
0.852885
0.864857
0.870065
0.867368
0.856739
0.839536
0.818393
0.796615
0.777309
0.762572
0.753283
0.749362
0.750102
0.754375
0.760869
0.768236
0.775291
0.781239
0.785806
0.789317
0.792531
0.796293
0.801182
0.807255
0.814021
0.820653
0.826363
0.830721
0.833602
0.834898
0.834232
0.831096
0.82511
0.816375
0.805724
0.794731
0.785561
0.78049
0.781201
0.788012
0.799633
0.813543
0.826914
0.837422
0.843796
0.845751
0.843899
0.839323
0.833276
0.826747
0.820377
0.814305
0.808187
0.801393
0.793399
0.784097
0.773959
0.763833
0.754728
0.747906
0.744634
0.745825
0.751232
0.759192
0.767132
0.772458
0.773605
0.770811
0.766505
0.764916
0.770308
0.784506
0.805685
0.829492
0.851292
0.86774
0.877206
0.879608
0.875878
0.867505
0.856195
0.843767
0.832062
0.822648
0.816433
0.813339
0.812207
0.811273
0.808878
0.804067
0.796821
0.787914
0.778614
0.770384
0.764601
0.762199
0.763472
0.768145
0.775418
0.784245
0.79348
0.802048
0.809055
0.813857
0.816155
0.816093
0.814094
0.810788
0.806819
0.802844
0.799536
0.797441
0.79678
0.797232
0.798057
0.798449
0.797856
0.796154
0.793562
0.790481
0.787307
0.784396
0.781948
0.780109
0.779248
0.780191
0.784353
0.793372
0.808206
0.828506
0.852413
0.87715
0.899776
0.917763
0.92931
0.933442
0.92992
0.918963
0.901194
0.877343
0.848382
0.815869
0.782065
0.74967
0.721323
0.699216
0.684797
0.678269
0.678691
0.684619
0.6951
0.70977
0.728046
0.748313
0.767942
0.784039
0.794377
0.798085
0.795851
0.789761
0.782765
0.778062
0.778227
0.784672
0.797287
0.814631
0.83434
0.85362
0.869711
0.880372
0.884441
0.882207
0.875432
0.866762
0.858819
0.853174
0.849974
0.848052
0.845386
0.839859
0.830038
0.815661
0.797699
0.778021
0.758759
0.741851
0.728834
0.720733
0.717958
0.720398
0.727609
0.738906
0.753479
0.770261
0.78789
0.805029
0.820582
0.833697
0.843618
0.849603
0.851025
0.847498
0.839216
0.82714
0.813
0.798969
0.787034
0.778518
0.773869
0.772974
0.775519
0.781304
0.790218
0.801904
0.815448
0.829272
0.841422
0.850122
0.854309
0.853747
0.849068
0.841391
0.831887
0.821299
0.809615
0.796398
0.781614
0.766225
0.752319
0.742439
0.738782
0.74248
0.753235
0.769111
0.786916
0.803223
0.815503
0.822712
0.825266
0.824638
0.822847
0.82193
0.823435
0.828126
0.836026
0.846745
0.859692
0.874161
0.88916
0.903529
0.915835
0.924584
0.928405
0.926198
0.917214
0.901138
0.878302
0.849941
0.818243
0.78592
0.755231
0.727193
0.701962
0.679753
0.661423
0.648326
0.641792
0.642662
0.650925
0.665533
0.684623
0.705972
0.727405
0.747336
0.764847
0.779651
0.791963
0.802353
0.811517
0.82002
0.827985
0.835084
0.840669
0.844083
0.844935
0.843321
0.839777
0.834978
0.829489
0.823535
0.817204
0.810559
0.803875
0.797411
0.791203
0.784959
0.778165
0.770769
0.763599
0.758361
0.757011
0.760525
0.767869
0.776401
0.783216
0.786511
0.786322
0.784451
0.783832
0.787527
0.797621
0.814441
0.83635
0.860352
0.883064
0.901601
0.914161
0.920105
0.919647
0.913574
0.902975
0.889057
0.873305
0.857307
0.842354
0.829037
0.817027
0.805496
0.793709
0.781475
0.769342
0.758389
0.749776
0.744262
0.741984
0.742357
0.744433
0.74722
0.749848
0.751602
0.752
0.751019
0.749178
0.7475
0.747164
0.749084
0.753626
0.76068
0.769635
0.779462
0.788778
0.796213
0.800759
0.802054
0.800475
0.796978
0.792894
0.789481
0.787602
0.787347
0.788007
0.788482
0.788032
0.786928
0.786669
0.789437
0.797074
0.810082
0.8271
0.845223
0.860872
0.870771
0.87281
0.866341
0.852231
0.832486
0.809795
0.786948
0.766246
0.749163
0.736458
0.728496
0.725618
0.728275
0.736777
0.750885
0.769524
0.79086
0.812947
0.834245
0.853927
0.871366
0.885948
0.897283
0.905488
0.911016
0.913949
0.913537
0.908492
0.897936
0.88212
0.862454
0.840937
0.819319
0.798461
0.778477
0.759314
0.74131
0.725463
0.713072
0.705136
0.702125
0.704075
0.710629
0.72076
0.732677
0.744346
0.754212
0.761879
0.768091
0.774435
0.782555
0.793484
0.807336
0.823339
0.840313
0.856898
0.871631
0.883067
0.890093
0.892146
0.88956
0.883438
0.875102
0.86586
0.856666
0.847906
0.839453
0.830759
0.821174
0.810269
0.798108
0.785319
0.773012
0.762413
0.754419
0.749563
0.748079
0.749884
0.754516
0.761278
0.769317
0.777874
0.786526
0.795264
0.804372
0.814139
0.824712
0.835781
0.84647
0.85545
0.861254
0.862696
0.85924
0.851164
0.839424
0.825421
0.810764
0.796938
0.784981
0.775267
0.767425
0.760735
0.754557
0.748824
0.744329
0.742748
0.746142
0.756098
0.772803
0.794575
0.818211
0.839955
0.856675
0.866554
0.869379
0.866204
0.858792
0.848899
0.837781
0.825919
0.81312
0.798844
0.782671
0.764675
0.745619
0.726967
0.710654
0.698615
0.692359
0.692666
0.699533
0.71216
0.729046
0.7482
0.767561
0.785471
0.80094
0.813611
0.823616
0.83124
0.836788
0.840671
0.843356
0.845387
0.847513
0.850703
0.855876
0.863675
0.873947
0.885522
0.896339
0.903975
0.906478
0.902891
0.893288
0.878541
0.859798
0.837991
0.81377
0.788039
0.762321
0.738759
0.719758
0.707383
0.702917
0.70678
0.718444
0.736297
0.757764
0.779806
0.799711
0.815463
0.82588
0.830429
0.829195
0.822856
0.812608
0.800005
0.786699
0.774099
0.763171
0.754481
0.748427
0.74554
0.746481
0.751794
0.761516
0.774911
0.790449
0.806177
0.820091
0.830571
0.836578
0.837888
0.834929
0.828632
0.820027
0.810063
0.799655
0.789624
0.780954
0.774655
0.771702
0.772727
0.777763
0.786095
0.796349
0.806995
0.81696
0.826014
0.834625
0.843362
0.852182
0.860177
0.865881
0.867884
0.865299
0.858003
0.846656
0.832475
0.816902
0.801172
0.786255
0.773054
0.76263
0.756332
0.75536
0.76031
0.770726
0.785004
0.800793
0.815504
0.826838
0.833033
0.833064
0.826774
0.814869
0.798805
0.780923
0.764172
0.751696
0.746076
0.748529
0.758374
0.773233
0.789752
0.804492
0.814852
0.81961
0.819069
0.814856
0.809402
0.80523
0.804308
0.807658
0.815292
0.826303
0.839154
0.852021
0.862998
0.870297
0.872398
0.868127
0.85702
0.839646
0.818189
0.796441
0.778509
0.766816
0.761109
0.759752
0.761335
0.765398
0.772089
0.781554
0.793597
0.807573
0.822322
0.836372
0.848133
0.856343
0.860384
0.860416
0.857229
0.851762
0.844661
0.836138
0.82605
0.814344
0.801409
0.788259
0.776508
0.768008
0.764106
0.765312
0.77092
0.779356
0.788832
0.797888
0.805728
0.81205
0.816797
0.819791
0.820636
0.818686
0.813377
0.804415
0.791894
0.77647
0.759315
0.74192
0.725941
0.712835
0.70371
0.699158
0.69925
0.703648
0.711773
0.723036
0.737047
0.753488
0.771642
0.790035
0.806715
0.820095
0.82959
0.835812
0.840184
0.844277
0.849074
0.8546
0.860149
0.864932
0.868583
0.871237
0.873217
0.874712
0.875582
0.875333
0.873147
0.868156
0.859819
0.84821
0.83428
0.819785
0.806973
0.798004
0.794194
0.795421
0.800168
0.806255
0.811604
0.814669
0.814538
0.810868
0.803837
0.794149
0.783214
0.773124
0.765979
0.763167
0.764613
0.768684
0.77277
0.774457
0.77244
0.766981
0.759736
0.753224
0.749776
0.750661
0.755611
0.763008
0.770556
0.776218
0.778811
0.778157
0.774901
0.770228
0.765458
0.761842
0.760404
0.761965
0.767199
0.776573
0.790177
0.807316
0.826476
0.845593
0.862518
0.875597
0.883872
0.886945
0.884624
0.876805
0.863595
0.845811
0.825131
0.804015
0.785442
0.772444
0.767358
0.771236
0.783071
0.799925
0.817581
0.831739
0.839167
0.83834
0.829648
0.815344
0.798901
0.784113
0.773946
0.769685
0.770761
0.775455
0.782004
0.789359
0.797268
0.805983
0.815751
0.826431
0.837385
0.847827
0.857093
0.864578
0.869297
0.869709
0.864154
0.851645
0.832392
0.807958
0.780996
0.754699
0.73234
0.716829
0.710266
0.713561
0.726197
0.746149
0.77012
0.794179
0.814642
0.828767
0.835285
0.834502
0.827967
0.817914
0.806579
0.795597
0.785908
0.777916
0.771912
0.768277
0.767461
0.769624
0.774284
0.780313
0.786402
0.791629
0.795801
0.799527
0.803687
0.808946
0.815657
0.823983
0.833829
0.844644
0.855317
0.864433
0.870649
0.872845
0.870377
0.863215
0.852322
0.839629
0.827774
0.818979
0.814137
0.812498
0.812366
0.812079
0.8107
0.808157
0.804948
0.801608
0.798428
0.795314
0.791974
0.788355
0.785049
0.783173
0.783915
0.787738
0.793797
0.800219
0.804629
0.805106
0.800753
0.791955
0.780427
0.768963
0.760631
0.75785
0.761412
0.770059
0.781006
0.790941
0.797011
0.797683
0.793442
0.786946
0.781837
0.780556
0.782937
0.787034
0.790885
0.793469
0.794758
0.795322
0.796052
0.79787
0.801623
0.807911
0.817021
0.828757
0.842336
0.856229
0.868417
0.876695
0.879084
0.874196
0.861629
0.84228
0.818444
0.793622
0.771634
0.755553
0.747219
0.747235
0.755394
0.770679
0.791092
0.813821
0.835742
0.854056
0.866862
