1.20583
1.21529
1.22722
1.23977
1.25022
1.25575
1.25461
1.24686
1.23471
1.22188
1.21227
1.2084
1.2104
1.21642
1.22371
1.22977
1.23278
1.23164
1.22593
1.21597
1.20306
1.18962
1.17869
1.17326
1.1753
1.18503
1.20073
1.21921
1.23668
1.24997
1.25739
1.25891
1.25582
1.25019
1.24393
1.23833
1.23369
1.22942
1.22457
1.21858
1.21177
1.2052
1.20014
1.1972
1.19583
1.19457
1.19189
1.18693
1.18003
1.17247
1.16589
1.16169
1.16065
1.16276
1.16729
1.17293
1.17805
1.18118
1.18137
1.17848
1.17326
1.16707
1.16148
1.15793
1.15748
1.16053
1.16661
1.17431
1.18158
1.18632
1.18712
1.18374
1.17728
1.1698
1.16389
1.16214
1.16689
1.17971
1.20038
1.22658
1.25438
1.27933
1.29728
1.3051
1.30105
1.28511
1.2593
1.22759
1.19492
1.16596
1.14386
1.12992
1.12404
1.12515
1.13156
1.1413
1.15235
1.16294
1.17186
1.17871
1.18398
1.1888
1.19444
1.20177
1.21088
1.22103
1.23098
1.23954
1.24608
1.2504
1.25235
1.25135
1.24664
1.23766
1.22456
1.20859
1.1921
1.17834
1.17073
1.1718
1.18202
1.19945
1.22031
1.24037
1.25613
1.26569
1.26863
1.26585
1.25898
1.24991
1.24012
1.23057
1.22146
1.21228
1.20209
1.1901
1.17615
1.16094
1.14575
1.13209
1.12186
1.11695
1.11874
1.12685
1.13879
1.1507
1.15869
1.16041
1.15622
1.14976
1.14737
1.15546
1.17676
1.20853
1.24424
1.27694
1.30161
1.31581
1.31941
1.31382
1.30126
1.28429
1.26565
1.24809
1.23397
1.22465
1.22001
1.21831
1.21691
1.21332
1.2061
1.19523
1.18187
1.16792
1.15558
1.1469
1.1433
1.14521
1.15222
1.16313
1.17637
1.19022
1.20307
1.21358
1.22079
1.22423
1.22414
1.22114
1.21618
1.21023
1.20427
1.1993
1.19616
1.19517
1.19585
1.19709
1.19767
1.19678
1.19423
1.19034
1.18572
1.18096
1.17659
1.17292
1.17016
1.16887
1.17029
1.17653
1.19006
1.21231
1.24276
1.27862
1.31572
1.34966
1.37664
1.39396
1.40016
1.39488
1.37845
1.35179
1.31601
1.27257
1.2238
1.1731
1.1245
1.08198
1.04882
1.0272
1.0174
1.01804
1.02693
1.04265
1.06465
1.09207
1.12247
1.15191
1.17606
1.19156
1.19713
1.19378
1.18464
1.17415
1.16709
1.16734
1.17701
1.19593
1.22195
1.25151
1.28043
1.30457
1.32056
1.32666
1.32331
1.31315
1.30014
1.28823
1.27976
1.27496
1.27208
1.26808
1.25979
1.24506
1.22349
1.19655
1.16703
1.13814
1.11278
1.09325
1.0811
1.07694
1.0806
1.09141
1.10836
1.13022
1.15539
1.18184
1.20754
1.23087
1.25055
1.26543
1.2744
1.27654
1.27125
1.25882
1.24071
1.2195
1.19845
1.18055
1.16778
1.1608
1.15946
1.16328
1.17196
1.18533
1.20286
1.22317
1.24391
1.26213
1.27518
1.28146
1.28062
1.2736
1.26209
1.24783
1.23195
1.21442
1.1946
1.17242
1.14934
1.12848
1.11366
1.10817
1.11372
1.12985
1.15367
1.18037
1.20483
1.22325
1.23407
1.2379
1.23696
1.23427
1.2329
1.23515
1.24219
1.25404
1.27012
1.28954
1.31124
1.33374
1.35529
1.37375
1.38688
1.39261
1.3893
1.37582
1.35171
1.31745
1.27491
1.22736
1.17888
1.13285
1.09079
1.05294
1.01963
0.992135
0.972489
0.962688
0.963993
0.976388
0.998299
1.02693
1.05896
1.09111
1.121
1.14727
1.16948
1.18794
1.20353
1.21728
1.23003
1.24198
1.25263
1.261
1.26612
1.2674
1.26498
1.25967
1.25247
1.24423
1.2353
1.22581
1.21584
1.20581
1.19612
1.1868
1.17744
1.16725
1.15615
1.1454
1.13754
1.13552
1.14079
1.1518
1.1646
1.17482
1.17977
1.17948
1.17668
1.17575
1.18129
1.19643
1.22166
1.25452
1.29053
1.3246
1.3524
1.37124
1.38016
1.37947
1.37036
1.35446
1.33359
1.30996
1.28596
1.26353
1.24355
1.22554
1.20824
1.19056
1.17221
1.15401
1.13758
1.12466
1.11639
1.11298
1.11354
1.11665
1.12083
1.12477
1.1274
1.128
1.12653
1.12377
1.12125
1.12075
1.12363
1.13044
1.14102
1.15445
1.16919
1.18317
1.19432
1.20114
1.20308
1.20071
1.19547
1.18934
1.18422
1.1814
1.18102
1.18201
1.18272
1.18205
1.18039
1.18
1.18416
1.19561
1.21512
1.24065
1.26783
1.29131
1.30616
1.30922
1.29951
1.27835
1.24873
1.21469
1.18042
1.14937
1.12374
1.10469
1.09274
1.08843
1.09241
1.10517
1.12633
1.15429
1.18629
1.21942
1.25137
1.28089
1.30705
1.32892
1.34592
1.35823
1.36652
1.37092
1.37031
1.36274
1.3469
1.32318
1.29368
1.26141
1.22898
1.19769
1.16772
1.13897
1.11196
1.08819
1.06961
1.0577
1.05319
1.05611
1.06594
1.08114
1.09902
1.11652
1.13132
1.14282
1.15214
1.16165
1.17383
1.19023
1.211
1.23501
1.26047
1.28535
1.30745
1.3246
1.33514
1.33822
1.33434
1.32516
1.31265
1.29879
1.285
1.27186
1.25918
1.24614
1.23176
1.2154
1.19716
1.17798
1.15952
1.14362
1.13163
1.12434
1.12212
1.12483
1.13177
1.14192
1.15398
1.16681
1.17979
1.1929
1.20656
1.22121
1.23707
1.25367
1.2697
1.28318
1.29188
1.29404
1.28886
1.27675
1.25914
1.23813
1.21615
1.19541
1.17747
1.1629
1.15114
1.1411
1.13184
1.12324
1.11649
1.11412
1.11921
1.13415
1.1592
1.19186
1.22732
1.25993
1.28501
1.29983
1.30407
1.29931
1.28819
1.27335
1.25667
1.23888
1.21968
1.19827
1.17401
1.14701
1.11843
1.09045
1.06598
1.04792
1.03854
1.039
1.0493
1.06824
1.09357
1.1223
1.15134
1.17821
1.20141
1.22042
1.23542
1.24686
1.25518
1.26101
1.26503
1.26808
1.27127
1.27606
1.28381
1.29551
1.31092
1.32828
1.34451
1.35596
1.35972
1.35434
1.33993
1.31781
1.2897
1.25699
1.22065
1.18206
1.14348
1.10814
1.07964
1.06108
1.05438
1.06017
1.07767
1.10445
1.13665
1.16971
1.19957
1.22319
1.23882
1.24564
1.24379
1.23428
1.21891
1.20001
1.18005
1.16115
1.14476
1.13172
1.12264
1.11831
1.11972
1.12769
1.14227
1.16237
1.18567
1.20927
1.23014
1.24586
1.25487
1.25683
1.25239
1.24295
1.23004
1.21509
1.19948
1.18444
1.17143
1.16198
1.15755
1.15909
1.16664
1.17914
1.19452
1.21049
1.22544
1.23902
1.25194
1.26504
1.27827
1.29027
1.29882
1.30183
1.29795
1.287
1.26998
1.24871
1.22535
1.20176
1.17938
1.15958
1.14395
1.1345
1.13304
1.14047
1.15609
1.17751
1.20119
1.22326
1.24026
1.24955
1.2496
1.24016
1.2223
1.19821
1.17138
1.14626
1.12754
1.11911
1.12279
1.13756
1.15985
1.18463
1.20674
1.22228
1.22941
1.2286
1.22228
1.2141
1.20784
1.20646
1.21149
1.22294
1.23945
1.25873
1.27803
1.2945
1.30545
1.3086
1.30219
1.28553
1.25947
1.22728
1.19466
1.16776
1.15022
1.14166
1.13963
1.142
1.1481
1.15813
1.17233
1.1904
1.21136
1.23348
1.25456
1.2722
1.28451
1.29058
1.29062
1.28584
1.27764
1.26699
1.25421
1.23908
1.22152
1.20211
1.18239
1.16476
1.15201
1.14616
1.14797
1.15638
1.16903
1.18325
1.19683
1.20859
1.21808
1.2252
1.22969
1.23095
1.22803
1.22007
1.20662
1.18784
1.1647
1.13897
1.11288
1.08891
1.06925
1.05557
1.04874
1.04888
1.05547
1.06766
1.08455
1.10557
1.13023
1.15746
1.18505
1.21007
1.23014
1.24439
1.25372
1.26028
1.26641
1.27361
1.2819
1.29022
1.2974
1.30287
1.30686
1.30982
1.31207
1.31337
1.313
1.30972
1.30223
1.28973
1.27231
1.25142
1.22968
1.21046
1.19701
1.19129
1.19313
1.20025
1.20938
1.21741
1.222
1.22181
1.2163
1.20576
1.19122
1.17482
1.15969
1.14897
1.14475
1.14692
1.15303
1.15916
1.16169
1.15866
1.15047
1.1396
1.12984
1.12466
1.12599
1.13342
1.14451
1.15583
1.16433
1.16822
1.16723
1.16235
1.15534
1.14819
1.14276
1.14061
1.14295
1.1508
1.16486
1.18527
1.21097
1.23971
1.26839
1.29378
1.3134
1.32581
1.33042
1.32694
1.31521
1.29539
1.26872
1.2377
1.20602
1.17816
1.15867
1.15104
1.15685
1.17461
1.19989
1.22637
1.24761
1.25875
1.25751
1.24447
1.22302
1.19835
1.17617
1.16092
1.15453
1.15614
1.16318
1.17301
1.18404
1.1959
1.20897
1.22363
1.23965
1.25608
1.27174
1.28564
1.29687
1.30395
1.30456
1.29623
1.27747
1.24859
1.21194
1.17149
1.13205
1.09851
1.07524
1.0654
1.07034
1.0893
1.11922
1.15518
1.19127
1.22196
1.24315
1.25293
1.25175
1.24195
1.22687
1.20987
1.1934
1.17886
1.16687
1.15787
1.15242
1.15119
1.15444
1.16143
1.17047
1.1796
1.18744
1.1937
1.19929
1.20553
1.21342
1.22348
1.23597
1.25074
1.26697
1.28298
1.29665
1.30597
1.30927
1.30557
1.29482
1.27848
1.25944
1.24166
1.22847
1.2212
1.21875
1.21855
1.21812
1.21605
1.21224
1.20742
1.20241
1.19764
1.19297
1.18796
1.18253
1.17757
1.17476
1.17587
1.18161
1.1907
1.20033
1.20694
1.20766
1.20113
1.18793
1.17064
1.15344
1.14095
1.13678
1.14212
1.15509
1.17151
1.18641
1.19552
1.19652
1.19016
1.18042
1.17276
1.17083
1.17441
1.18055
1.18633
1.1902
1.19214
1.19298
1.19408
1.19681
1.20243
1.21187
1.22553
1.24313
1.2635
1.28434
1.30263
1.31504
1.31863
1.31129
1.29244
1.26342
1.22767
1.19043
1.15745
1.13333
1.12083
1.12085
1.13309
1.15602
1.18664
1.22073
1.25361
1.28108
1.30029
