0.486686   0.477812   -0.496405
-0.340776   -0.332352   -0.482444
0.490699   -0.318543   -0.333863
-0.3601   -0.470985   -0.314891
-0.163254   0.485191   -0.489192
0.00449158   -0.33501   -0.497843
-0.164862   -0.342   -0.330671
0.0107323   0.471504   -0.316506
0.155483   0.493492   0.498648
0.350176   -0.335724   0.494016
0.158461   -0.323094   -0.320536
0.315534   -0.492091   -0.342569
-0.494771   -0.151086   0.484967
-0.310825   0.012739   0.476574
0.496255   0.020033   -0.353588
-0.332366   -0.169419   -0.330037
-0.159614   -0.168565   0.49925
0.00343815   0.013518   0.486003
-0.157248   -0.0020872   -0.326634
0.00534542   -0.162425   -0.346469
0.169635   -0.180466   0.497089
0.330308   -0.0109887   0.496176
0.163992   -0.00688797   -0.329829
0.316554   -0.164827   -0.332621
-0.487509   0.182404   -0.498713
-0.314934   0.334677   -0.495227
0.496507   0.333587   -0.335189
-0.337694   0.169658   -0.337765
-0.150416   0.164614   -0.473572
0.0127614   0.324564   -0.494008
-0.160501   0.321059   -0.3152
0.0157401   0.15526   -0.342928
0.177515   0.169311   0.478193
0.328246   0.330709   -0.489529
0.163284   0.330905   -0.341235
0.314468   0.149697   -0.346641
0.480014   0.497257   -0.170573
-0.320463   -0.328861   -0.148155
-0.497346   -0.342356   -0.00845974
-0.318951   -0.498527   -0.0013963
-0.161805   0.491818   -0.176858
0.00452543   -0.33444   -0.180993
-0.161854   -0.325802   0.00128691
-0.00715551   -0.498544   0.0301741
0.166494   -0.494291   -0.155153
0.342062   -0.331422   -0.169623
0.161023   -0.330611   -0.00953899
0.32553   -0.492702   0.00168279
-0.499929   -0.144128   -0.177902
-0.352844   0.00410874   -0.184455
0.493739   -0.0102739   0.00140943
-0.332442   -0.152299   -0.0147534
-0.158202   -0.172573   -0.157949
0.00722996   0.0061331   -0.159087
-0.184945   0.0123138   -0.00953201
-0.00278921   -0.157924   0.0110993
0.153807   -0.17271   -0.148601
0.336079   0.00379086   -0.163527
0.191846   -0.0181126   0.00851447
0.340264   -0.163666   -0.0140032
0.48874   0.157645   -0.167535
-0.337377   0.337044   -0.175614
0.484308   0.340038   -0.0207058
-0.348063   0.180168   -0.0073365
-0.170536   0.154211   -0.165269
0.00303121   0.323907   -0.160953
-0.151264   0.332964   -0.0036406
0.00893921   0.154534   -0.0171299
0.163467   0.172844   -0.179989
0.318201   0.334836   -0.163344
0.162697   0.326644   0.000310622
0.328532   0.176786   -0.000677732
-0.495831   0.494222   0.165281
-0.324382   -0.354   0.163456
-0.490116   -0.345152   0.329516
-0.340876   -0.49929   0.352817
-0.166913   0.496174   0.186143
-0.0160329   -0.324988   0.160093
-0.177623   -0.344664   0.365346
-0.000446406   -0.494695   0.340794
0.164493   -0.468368   0.171313
0.359946   -0.342851   0.17112
0.183315   -0.346582   0.351619
0.332314   0.499195   0.336033
-0.478431   -0.188639   0.14843
-0.323409   0.0229331   0.163715
-0.482315   0.0083424   0.331156
-0.334187   -0.174186   0.333738
-0.187357   -0.159504   0.159969
-0.000230937   0.00124309   0.15932
-0.164615   -0.00097937   0.30561
-0.0260709   -0.182215   0.333946
0.19565   -0.19431   0.151245
0.359832   -0.0120455   0.168357
0.166517   -0.0123354   0.311081
0.325212   -0.17511   0.322333
0.492468   0.160309   0.165548
-0.346834   0.346047   0.173858
0.497676   0.332325   0.330282
-0.336329   0.189169   0.338229
-0.169539   0.187079   0.15455
0.00485116   0.348678   0.174006
-0.167071   0.335651   0.340485
-0.0138146   0.176329   0.329777
0.145613   0.16917   0.181292
0.332816   0.343353   0.177362
0.169483   0.336972   0.336285
0.340701   0.158383   0.341534
