0.807587
0.81312
0.817524
0.822196
0.827729
0.833948
0.840444
0.846857
0.85293
0.858286
0.862346
0.864321
0.863551
0.859813
0.853463
0.845359
0.836404
0.827271
0.818386
0.810194
0.803438
0.799425
0.799603
0.804882
0.815087
0.828943
0.844292
0.858552
0.869172
0.874247
0.873138
0.866927
0.858094
0.8496
0.843127
0.838473
0.834103
0.828119
0.81902
0.805927
0.789073
0.770233
0.752795
0.740844
0.737317
0.742237
0.752736
0.765062
0.776474
0.78575
0.792569
0.796878
0.798555
0.797413
0.79335
0.78655
0.777567
0.767607
0.758436
0.752201
0.750902
0.755761
0.766768
0.782653
0.801158
0.819738
0.83606
0.848409
0.85603
0.859033
0.858291
0.855053
0.850617
0.845863
0.841025
0.835909
0.830352
0.824643
0.819849
0.817445
0.81853
0.822918
0.828759
0.833368
0.83445
0.831311
0.824782
0.816673
0.809018
0.803594
0.801476
0.802923
0.807338
0.813603
0.820505
0.826995
0.83239
0.836421
0.839079
0.840529
0.841042
0.840886
0.840262
0.839127
0.83723
0.834308
0.830207
0.825128
0.819793
0.815257
0.81248
0.811512
0.811262
0.809917
0.805795
0.798223
0.787585
0.774987
0.761641
0.7485
0.736434
0.726538
0.720335
0.719548
0.725518
0.738776
0.758812
0.784079
0.81218
0.840137
0.864803
0.883496
0.894388
0.897175
0.893176
0.884851
0.874603
0.863532
0.851285
0.837292
0.822012
0.807127
0.79517
0.788555
0.788636
0.795262
0.806632
0.819865
0.831599
0.838869
0.839746
0.833876
0.822363
0.807508
0.79219
0.779136
0.77029
0.766658
0.768428
0.775345
0.787009
0.802761
0.821271
0.840443
0.857734
0.870896
0.878586
0.880706
0.878127
0.872298
0.864612
0.855931
0.846596
0.836661
0.826
0.814343
0.801297
0.786587
0.770422
0.75359
0.737399
0.723343
0.712763
0.706628
0.705432
0.709242
0.717607
0.729526
0.743363
0.75711
0.768801
0.777109
0.781755
0.78359
0.784098
0.784824
0.786822
0.790595
0.796298
0.803824
0.812878
0.822835
0.832705
0.841372
0.847832
0.851542
0.852561
0.85139
0.84864
0.844768
0.840107
0.834944
0.829764
0.825324
0.822555
0.822338
0.82522
0.831136
0.839386
0.848653
0.857298
0.863871
0.867492
0.867869
0.865137
0.859633
0.851774
0.842246
0.831957
0.821961
0.813195
0.806126
0.800457
0.795161
0.789282
0.782809
0.777145
0.774408
0.776175
0.782531
0.792121
0.803001
0.813502
0.822786
0.830821
0.837898
0.844116
0.849063
0.851877
0.851605
0.847575
0.839576
0.827802
0.812808
0.795342
0.776429
0.757361
0.739767
0.725507
0.716262
0.713014
0.715695
0.723169
0.733633
0.745198
0.756361
0.76626
0.774848
0.782825
0.791363
0.801599
0.814136
0.828769
0.844488
0.859614
0.872189
0.880512
0.883725
0.882128
0.877006
0.8701
0.863038
0.856898
0.852226
0.849306
0.848257
0.848865
0.850429
0.85165
0.850849
0.846549
0.837665
0.823898
0.805824
0.784827
0.763036
0.742956
0.727128
0.717677
0.715988
0.722393
0.736063
0.755142
0.777155
0.79936
0.819236
0.834794
0.845015
0.850012
0.850894
0.849326
0.846961
0.845018
0.844183
0.844552
0.845543
0.846032
0.844677
0.840275
0.832094
0.820032
0.80461
0.787018
0.76896
0.75247
0.739569
0.731951
0.730537
0.735256
0.745089
0.758426
0.773579
0.789139
0.804027
0.817343
0.828186
0.835663
0.839189
0.838762
0.834968
0.828946
0.822283
0.816735
0.813756
0.814045
0.817471
0.82313
0.829809
0.836241
0.841483
0.84491
0.846245
0.845454
0.842442
0.836815
0.827977
0.815812
0.801533
0.787971
0.778561
0.77545
0.778601
0.786749
0.798648
0.81319
0.828857
0.843477
0.854546
0.860074
0.85927
0.852841
0.84284
0.831939
0.822671
0.816745
0.814744
0.816323
0.820606
0.826487
0.832876
0.838816
0.843385
0.845608
0.844326
0.838267
0.826314
0.808029
0.784406
0.758406
0.734515
0.717188
0.708992
0.710211
0.719563
0.735276
0.755441
0.777969
0.800601
0.821116
0.837857
0.850012
0.85743
0.860303
0.858911
0.853897
0.846536
0.83864
0.832019
0.827815
0.825938
0.825415
0.825332
0.825923
0.828644
0.834694
0.843073
0.850514
0.853176
0.848588
0.836476
0.818543
0.797879
0.77809
0.762149
0.751634
0.746508
0.745631
0.747614
0.751596
0.757667
0.766604
0.779087
0.794501
0.81088
0.825988
0.838487
0.848002
0.854398
0.857202
0.855675
0.849415
0.839212
0.827616
0.818474
0.815217
0.819
0.828227
0.839681
0.850101
0.857222
0.859929
0.858061
0.852024
0.842474
0.83037
0.816998
0.803996
0.79327
0.786527
0.784818
0.788247
0.795964
0.806402
0.817645
0.827893
0.835708
0.8401
0.840821
0.838483
0.834351
0.829814
0.825691
0.821819
0.817184
0.810766
0.802149
0.791898
0.781452
0.772678
0.767162
0.765647
0.767817
0.772394
0.777692
0.782164
0.784948
0.786071
0.78623
0.786504
0.787682
0.789751
0.791962
0.793186
0.792577
0.789927
0.785728
0.78086
0.77607
0.771646
0.767584
0.764043
0.76154
0.76083
0.762591
0.767341
0.775568
0.787552
0.803044
0.820909
0.839141
0.855269
0.867089
0.873209
0.873453
0.868651
0.860485
0.851184
0.8432
0.839004
0.840464
0.848188
0.861099
0.876814
0.892429
0.90525
0.913192
0.914975
0.910074
0.898782
0.882277
0.862359
0.841175
0.82103
0.804017
0.791658
0.784496
0.781929
0.782263
0.783256
0.782703
0.779127
0.772111
0.762578
0.752586
0.744903
0.742028
0.745196
0.753724
0.765398
0.777363
0.787255
0.794002
0.798028
0.801062
0.805424
0.813069
0.824597
0.838832
0.853098
0.864116
0.868967
0.865856
0.854429
0.835852
0.81256
0.787677
0.764208
0.744446
0.729639
0.720173
0.715926
0.716506
0.721473
0.730306
0.742174
0.75585
0.769785
0.782506
0.792963
0.800884
0.806876
0.812284
0.818824
0.827854
0.839413
0.852104
0.863984
0.873525
0.879987
0.883289
0.883663
0.881399
0.877023
0.871267
0.864995
0.858859
0.853168
0.847864
0.84275
0.837677
0.832427
0.826236
0.817765
0.805647
0.789591
0.771131
0.753645
0.741455
0.738353
0.746001
0.763263
0.786624
0.811666
0.834329
0.851754
0.862536
0.866636
0.864836
0.858353
0.848658
0.837151
0.824821
0.812194
0.799835
0.788858
0.78096
0.777475
0.778081
0.780583
0.782266
0.78159
0.77884
0.775669
0.774018
0.775213
0.77965
0.787168
0.797536
0.810671
0.826287
0.843502
0.86086
0.876836
0.890256
0.900674
0.908085
0.91218
0.911836
0.905615
0.892549
0.873045
0.84891
0.822879
0.797812
0.776025
0.758832
0.746735
0.739734
0.737563
0.739684
0.745232
0.753297
0.76344
0.775801
0.790698
0.807893
0.826105
0.843165
0.856587
0.864523
0.866155
0.861674
0.852025
0.83862
0.823198
0.807687
0.794003
0.783777
0.77808
0.777336
0.781333
0.789405
0.800503
0.813212
0.825814
0.836544
0.843996
0.847501
0.847311
0.844297
0.839306
0.832732
0.824579
0.814819
0.803629
0.791393
0.778886
0.767291
0.758075
0.752691
0.752308
0.757536
0.768158
0.783031
0.800279
0.817696
0.833322
0.84563
0.853735
0.857294
0.856214
0.85069
0.841045
0.827761
0.811665
0.793963
0.776174
0.759945
0.746801
0.737921
0.73396
0.735007
0.740596
0.749709
0.76094
0.772842
0.784129
0.794073
0.802524
0.809805
0.816434
0.82283
0.829106
0.835092
0.840407
0.844557
0.847031
0.84722
0.844672
0.839338
0.83176
0.823115
0.814987
0.808943
0.80596
0.806195
0.809146
0.814044
0.820112
0.82653
0.83231
0.836343
0.837714
0.836268
0.832934
0.829617
0.828275
0.829774
0.833377
0.837453
0.840743
0.842948
0.84433
0.844868
0.843843
0.840193
0.833103
0.82239
0.808535
0.792518
0.775613
0.75927
0.744929
0.733861
0.727039
0.725091
0.728183
0.735963
0.747443
0.760971
0.774509
0.786133
0.794578
0.799544
0.801501
0.801449
0.800434
0.799072
0.797343
0.794704
0.79051
0.784567
0.777535
0.770892
0.766127
0.763985
0.764484
0.767467
0.773209
0.782593
0.796565
0.815483
0.838635
0.864159
0.889357
0.911102
0.926372
0.932862
0.929339
0.91586
0.893836
0.865846
0.835224
0.805628
0.780349
0.761888
0.751481
0.749068
0.753449
0.762807
0.77513
0.78849
0.801304
0.812432
0.821303
0.827825
0.832392
0.835706
0.838429
0.840872
0.842922
0.844072
0.843607
0.840838
0.835175
0.826418
0.81494
0.801631
0.787743
0.774699
0.763685
0.755663
0.751379
0.751367
0.755788
0.764243
0.775694
0.788509
0.800653
0.809944
0.814439
0.812809
0.804523
0.790216
0.771671
0.751422
0.732346
0.717139
0.70788
0.705757
0.710844
0.722072
0.737366
0.754158
0.769893
0.782544
0.790906
0.794673
0.794536
0.792008
0.788961
0.78703
0.787084
0.789279
0.793279
0.798784
0.805672
0.814132
0.824485
0.837132
0.85214
0.868907
0.88605
0.901449
0.91279
0.918299
0.917317
0.910543
0.899769
0.887123
0.874392
0.862484
0.851436
0.840898
0.83056
0.8205
0.811211
0.803362
0.797564
0.794177
0.793175
0.794165
0.796548
0.79973
0.8033
0.807039
0.810711
0.814013
0.816553
0.817986
0.818052
0.816515
0.813116
0.807604
0.800023
0.790818
0.780886
0.771537
0.764148
0.759778
0.758741
0.760539
0.764155
0.768432
0.772553
0.776192
0.779529
0.78285
0.786248
0.789484
0.792168
0.793971
0.794821
0.794852
0.794369
0.793692
0.792986
0.792117
0.790802
0.788917
0.786757
0.785074
0.78483
0.787008
0.792375
0.801233
0.813212
0.827256
0.841828
0.85513
0.86546
0.871347
0.871768
0.86631
0.855271
0.839748
0.821605
0.80328
0.787529
0.777026
0.773888
0.779113
0.791984
0.809935
0.829325
0.846502
0.858664
0.864359
0.863375
0.856377
0.844461
0.828909
0.811175
0.793135
0.777231
0.76631
0.762969
0.768424
0.781655
0.799392
0.817105
0.830344
0.835723
0.831467
0.817667
0.796323
0.771244
0.747437
0.729937
0.722195
0.725027
0.736782
0.754549
0.775222
0.796125
0.815267
0.831436
0.843978
0.852617
0.857295
