-5.43318
-5.43322
-5.43286
-5.43102
-5.43212
-5.43187
-5.43155
-5.43443
-5.43306
-5.43291
-5.43168
-5.42969
-5.42892
-5.42881
-5.42881
-5.42668
-5.42694
-5.42857
-5.42767
-5.43041
-5.43299
-5.43093
-5.42842
-5.42855
-5.42792
-5.42993
-5.43253
-5.43119
-5.43176
-5.4331
-5.43189
-5.43227
-5.43213
-5.43107
-5.43172
-5.43319
-5.43501
-5.43237
-5.42987
-5.42958
-5.43106
-5.43165
-5.43091
-5.43009
-5.43208
-5.43219
-5.43337
-5.43402
-5.43375
-5.4334
-5.43173
-5.43167
-5.43256
-5.43179
-5.43104
-5.43066
-5.43106
-5.42781
-5.42972
-5.43066
-5.43217
-5.43281
-5.43236
-5.43454
-5.4344
-5.43259
-5.43371
-5.43271
-5.43198
-5.4294
-5.42894
-5.42932
-5.4315
-5.43149
-5.43373
-5.4327
-5.43134
-5.43107
-5.43229
-5.43309
-5.43461
-5.43305
-5.4337
-5.43168
-5.43331
-5.43207
-5.43169
-5.43163
-5.4312
-5.42938
-5.42927
-5.42945
-5.43014
-5.42902
-5.4287
-5.42922
-5.43032
-5.43302
-5.43315
-5.43137
-5.43093
-5.43247
-5.43467
-5.43393
-5.43282
-5.43329
-5.43377
-5.43335
-5.43339
-5.43393
-5.4339
-5.43378
-5.4331
-5.43311
-5.43196
-5.43145
-5.43075
-5.42991
-5.42988
-5.43031
-5.43022
-5.42937
-5.43104
-5.43327
-5.43403
-5.43446
-5.43667
-5.43792
-5.43423
-5.43492
-5.43549
-5.43182
-5.43188
-5.43106
-5.42925
-5.4272
-5.42769
-5.42692
-5.42635
-5.4261
-5.42731
-5.42821
-5.42886
-5.43175
-5.43084
-5.43171
-5.43188
-5.4361
-5.43561
-5.43475
-5.43016
-5.42823
-5.42788
-5.42922
-5.42907
-5.43153
-5.43389
-5.4347
-5.43614
-5.43753
-5.4382
-5.43808
-5.43575
-5.43499
-5.43257
-5.43149
-5.43063
-5.43179
-5.43119
-5.42986
-5.42902
-5.42988
-5.43173
-5.42969
-5.43151
-5.43165
-5.43174
-5.43116
-5.43035
-5.43002
-5.42959
-5.431
-5.43096
-5.43104
-5.43179
-5.4309
-5.43022
-5.43064
-5.43271
-5.43155
-5.43112
-5.43056
-5.42908
-5.4278
-5.42644
-5.42754
-5.42617
-5.42743
-5.42804
-5.43023
-5.43236
-5.4321
-5.43264
-5.434
-5.43166
-5.43254
-5.43217
-5.4293
-5.4304
-5.42929
-5.42984
-5.4298
-5.4318
-5.43425
-5.43458
-5.43404
-5.43387
-5.43461
-5.43583
-5.43585
-5.43725
-5.4375
-5.43669
-5.43556
-5.43642
-5.43636
-5.4367
-5.43619
-5.43584
-5.43661
-5.43491
-5.43451
-5.43238
-5.4317
-5.4319
-5.43287
-5.43316
-5.43376
-5.43577
-5.43638
-5.43574
-5.43578
-5.43498
-5.43446
-5.43202
-5.4319
-5.4311
-5.43182
-5.43271
-5.43283
-5.43256
-5.43294
-5.43177
-5.43134
-5.43202
-5.43093
-5.42877
-5.42881
-5.42849
-5.43064
-5.4306
-5.43012
-5.43005
-5.43164
-5.43199
-5.43314
-5.43228
-5.43277
-5.43212
-5.43165
-5.43327
-5.432
-5.43517
-5.43651
-5.43626
-5.43669
-5.43628
-5.43583
-5.43455
-5.43578
-5.43436
-5.43346
-5.43366
-5.43261
-5.43419
-5.43511
-5.43304
-5.43309
-5.43226
-5.43085
-5.42958
-5.42949
-5.42911
-5.4292
-5.4273
-5.42673
-5.4272
-5.42868
-5.42783
-5.42775
-5.42893
-5.43086
-5.43147
-5.43396
-5.43507
-5.43583
-5.43605
-5.4362
-5.43613
-5.435
-5.43607
-5.43638
-5.43652
-5.43703
-5.43556
-5.43298
-5.43118
-5.43144
-5.43189
-5.42967
-5.42976
-5.42934
-5.42785
-5.42794
-5.42705
-5.42774
-5.42766
-5.42926
-5.42882
-5.43141
-5.43114
-5.43226
-5.43288
-5.43108
-5.43304
-5.4355
-5.43332
-5.43303
-5.43215
-5.43205
-5.42925
-5.42929
-5.42992
-5.43103
-5.43056
-5.43
-5.43218
-5.43223
-5.43243
-5.43219
-5.43092
-5.43254
-5.43254
-5.43154
-5.43272
-5.43253
-5.43305
-5.43132
-5.43042
-5.43095
-5.42967
-5.43246
-5.43311
-5.4352
-5.43613
-5.43776
-5.43804
-5.43603
-5.43639
-5.43579
-5.43476
-5.43217
-5.43161
-5.433
-5.43325
-5.4335
-5.4356
-5.43268
-5.43347
-5.43314
-5.43268
-5.43337
-5.43423
-5.4323
-5.43019
-5.42924
-5.42865
-5.42577
-5.42576
-5.42615
-5.42837
-5.42982
-5.43244
-5.43482
-5.43659
-5.43774
-5.43953
-5.44098
-5.44212
-5.4405
-5.43946
-5.43941
-5.43875
-5.43491
-5.43284
-5.4323
-5.43335
-5.43236
-5.43113
-5.43206
-5.43023
-5.42898
-5.4321
-5.4345
-5.43466
-5.43575
-5.43658
-5.43528
-5.43347
-5.43276
-5.43147
-5.432
-5.43435
-5.43478
-5.43562
-5.43538
-5.43526
-5.43559
-5.43329
-5.43236
-5.43351
-5.43662
-5.43692
-5.43622
-5.4359
-5.43286
-5.43144
-5.43062
-5.42905
-5.42867
-5.4296
-5.4308
-5.43121
-5.4319
-5.43392
-5.43652
-5.43806
-5.43812
-5.43613
-5.43551
-5.4319
-5.43254
-5.43067
-5.42988
-5.43154
-5.42856
-5.42845
-5.43056
-5.43158
-5.43237
-5.43309
-5.43103
-5.43323
-5.43255
-5.42969
-5.42954
-5.42964
-5.42944
-5.4294
-5.43055
-5.43122
-5.42903
-5.42738
-5.42684
-5.4262
-5.42783
-5.42865
-5.42586
-5.42723
-5.42877
-5.43002
-5.43146
-5.43363
-5.43393
-5.43371
-5.43246
-5.43096
-5.43285
-5.43392
-5.4344
-5.43254
-5.43215
-5.43224
-5.43031
-5.43003
-5.42954
-5.43048
-5.43021
-5.42962
-5.4287
-5.42654
-5.42514
-5.42742
-5.4288
-5.43156
-5.43308
-5.43429
-5.43896
-5.44046
-5.43903
-5.43884
-5.43611
-5.43521
-5.43438
-5.43406
-5.43308
-5.43311
-5.43254
-5.43232
-5.43293
-5.43577
-5.43767
-5.43947
-5.43857
-5.43959
-5.43776
-5.43418
-5.43286
-5.43165
-5.43165
-5.43163
-5.42969
-5.42905
-5.42967
-5.43205
-5.43249
-5.43274
-5.433
-5.43096
-5.42994
-5.43136
-5.43121
-5.43098
-5.43048
-5.43073
-5.42836
-5.42958
-5.43152
-5.43241
-5.43288
-5.43148
-5.43165
-5.43007
-5.42978
-5.43081
-5.4301
-5.43225
-5.43246
-5.4309
-5.43177
-5.43164
-5.42908
-5.42984
-5.42959
-5.42945
-5.42915
-5.43086
-5.4322
-5.4304
-5.4299
-5.42904
-5.43005
-5.4297
-5.4286
-5.42832
-5.4275
-5.42838
-5.43036
-5.43095
-5.43157
-5.42911
-5.43175
-5.43237
-5.43247
-5.43211
-5.4318
-5.42959
-5.43175
-5.43062
-5.43179
-5.43267
-5.4349
-5.43431
-5.43353
-5.43416
-5.43325
-5.43137
-5.43174
-5.43143
-5.42981
-5.42908
-5.43014
-5.42806
-5.42453
-5.42661
-5.42843
-5.42859
-5.43006
-5.43292
-5.43289
-5.43474
-5.43691
-5.43811
-5.43684
-5.43622
-5.43584
-5.43424
-5.43442
-5.43481
-5.4325
-5.43232
-5.43193
-5.43225
-5.43366
-5.43464
-5.43524
-5.43496
-5.43381
-5.43386
-5.4313
-5.42995
-5.43105
-5.43051
-5.4286
-5.43037
-5.43344
-5.43259
-5.43204
-5.43114
-5.43178
-5.43224
-5.43537
-5.43537
-5.43364
-5.43513
-5.43435
-5.43378
-5.43073
-5.42845
-5.42774
-5.42753
-5.42932
-5.43024
-5.43125
-5.43025
-5.43197
-5.43113
-5.43285
-5.43192
-5.43185
-5.43552
-5.43617
-5.43583
-5.43587
-5.43528
-5.4349
-5.43522
-5.43678
-5.43542
-5.43514
-5.43516
-5.43269
-5.43105
-5.43062
-5.43047
-5.42868
-5.42877
-5.4294
-5.43207
-5.43022
-5.43153
-5.43239
-5.435
-5.43543
-5.43462
-5.43259
-5.43299
-5.43013
-5.4277
-5.42865
-5.4271
-5.42687
-5.42792
-5.42705
-5.42718
-5.42675
-5.4255
-5.42576
-5.42817
-5.42886
-5.43129
-5.43117
-5.43288
-5.43305
-5.4329
-5.43244
-5.43429
-5.43436
-5.43434
-5.43364
-5.4336
-5.43134
-5.43237
-5.43091
-5.42993
-5.43014
-5.43058
-5.4303
-5.43022
-5.43028
-5.43007
-5.43047
-5.43173
-5.43215
-5.43105
-5.4291
-5.4312
-5.43258
-5.43206
-5.43128
-5.43154
-5.43217
-5.43247
-5.43078
-5.43064
-5.43172
-5.4324
-5.43298
-5.43385
-5.43184
-5.43191
-5.43187
-5.43176
-5.43347
-5.43299
-5.43312
-5.43217
-5.43175
-5.43056
-5.43119
-5.43068
-5.42968
-5.43086
-5.43081
-5.42937
-5.42987
-5.43028
-5.43101
-5.43217
-5.43276
-5.43065
-5.43051
-5.43072
-5.43055
-5.4312
-5.42976
-5.42986
-5.42966
-5.42958
-5.42871
-5.43031
-5.4289
-5.42898
-5.42762
-5.42702
-5.42778
-5.43014
-5.43078
-5.42895
-5.42909
-5.42698
-5.42916
-5.43123
-5.43234
-5.43067
-5.4324
-5.432
-5.43131
-5.43025
-5.43005
-5.42979
-5.42923
-5.43242
-5.43196
-5.43168
-5.43468
-5.43602
-5.4364
-5.43721
-5.43816
-5.43728
-5.43734
-5.43721
-5.43606
-5.43738
-5.43725
-5.43575
-5.43429
-5.43244
-5.43103
-5.42702
-5.42606
-5.42338
-5.42349
-5.42404
-5.4252
-5.43065
-5.43145
-5.43265
-5.43453
-5.43513
-5.4332
-5.43529
-5.43497
-5.43591
-5.43655
-5.43599
-5.43424
-5.43418
-5.43285
-5.43405
-5.43451
-5.43583
-5.43446
-5.43335
-5.43387
-5.43482
-5.43367
-5.4324
-5.43134
-5.43205
-5.43224
-5.4322
-5.4319
-5.43255
-5.43438
-5.43633
-5.43476
-5.43415
-5.43258
-5.43336
-5.43334
-5.43269
-5.43223
-5.43179
-5.43144
-5.43282
-5.43488
-5.43525
-5.43441
-5.43705
-5.43944
-5.43823
-5.43597
-5.43434
-5.43667
-5.43533
-5.43338
-5.43257
-5.43172
-5.43049
-5.4301
-5.42946
-5.43106
-5.43324
-5.43475
-5.43367
-5.43295
-5.43586
-5.43687
-5.43817
-5.43867
-5.43759
-5.43649
-5.43442
-5.43443
-5.43348
-5.43371
-5.43167
-5.43285
-5.43002
-5.43113
-5.43221
-5.43161
-5.43131
-5.43074
-5.43058
-5.43085
-5.43218
-5.43384
-5.43612
-5.43637
-5.43653
-5.43499
-5.43276
-5.43147
-5.43208
-5.4307
-5.42861
-5.42746
-5.42723
-5.42794
-5.42602
-5.42634
-5.42509
-5.42717
-5.42522
-5.42737
-5.42744
-5.42826
-5.43004
-5.43136
-5.43088
-5.43123
-5.43052
-5.43077
-5.43011
-5.42947
-5.42979
-5.42941
-5.43091
-5.43012
-5.42998
-5.42989
-5.43081
-5.4308
-5.43208
-5.43204
-5.43227
-5.4309
-5.42962
-5.43236
-5.43298
-5.43342
-5.43264
-5.43315
-5.43257
-5.43147
-5.43043
-5.43075
-5.42888
-5.42876
-5.42886
-5.42863
-5.42884
-5.42927
-5.43036
-5.42894
-5.4276
-5.42794
-5.43142
-5.43364
-5.43527
-5.43704
-5.43662
-5.43732
-5.43577
-5.43702
-5.43541
-5.43395
-5.43331
-5.4319
-5.4301
-5.42926
-5.43046
-5.43014
-5.43175
-5.43273
-5.43205
-5.43367
-5.43264
-5.43068
-5.43061
-5.4288
-5.42522
-5.42306
-5.42322
-5.42255
-5.42383
-5.42608
-5.42693
-5.42902
-5.43096
-5.42987
-5.43263
-5.43355
-5.43497
-5.4357
-5.4364
-5.43613
