0.0345996 0 0
0.0576661 0 0
0.0807325 0 0
0.103799 0 0
0.126865 0 0
0.149932 0 0
0.172998 0 0
0.196065 0 0
0.219131 0 0
0.242198 0 0
0.265264 0 0
0.28833 0 0
0.311397 0 0
0.334463 0 0
0.35753 0 0
0.380596 0 0
0.403663 0 0
0.426729 0 0
0.449795 0 0
0.472862 0 0
0.495928 0 0
0.518995 0 0
0.542061 0 0
0.565128 0 0
0.588194 0 0
0.61126 0 0
0.634327 0 0
0.657393 0 0
0.68046 0 0
0.703526 0 0
0.726593 0 0
0.749659 0 0
0.772725 0 0
0.795792 0 0
0.818858 0 0
0.841925 0 0
0.864991 0 0
0.888058 0 0
0.911124 0 0
0.93419 0.000665473 0.000672089
0.957257 0.0304219 0.00393279
0.980323 0.164374 0.0100596
1.00339 0.529551 0.0148859
1.02646 1.09086 0.00749652
1.04952 1.72518 nan
1.07259 2.20255 nan
1.09566 2.29415 nan
1.11872 2.06919 nan
1.14179 1.73206 nan
1.16485 1.2815 nan
1.18792 0.881976 0.00419017
1.21099 0.570287 0.00928262
1.23405 0.347806 0.00887084
1.25712 0.181178 0.00682064
1.28019 0.0953273 0.00638979
1.30325 0.0502657 0.00391664
1.32632 0.02146 0.00266922
1.34939 0.0220084 0.00268069
1.37245 0.0311415 0.00312757
1.39552 0.0477158 0.0033273
1.41859 0.0946622 0.00450882
1.44165 0.157047 0.00733775
1.46472 0.227668 0.00479008
1.48778 0.298329 0.00673059
1.51085 0.388009 0.00408251
1.53392 0.440111 nan
1.55698 0.454001 0.00459167
1.58005 0.432932 0.0038787
1.60312 0.399547 0.00558068
1.62618 0.305495 0.00575575
1.64925 0.224839 0.00467425
1.67232 0.161569 0.00547398
1.69538 0.115579 0.00492593
1.71845 0.0981396 0.00467796
1.74152 0.130027 0.00532995
1.76458 0.218046 0.00520545
1.78765 0.390016 0.00276289
1.81071 0.598557 nan
1.83378 0.854061 nan
1.85685 1.07402 nan
1.87991 1.22252 nan
1.90298 1.30276 nan
1.92605 1.21429 nan
1.94911 1.06739 nan
1.97218 0.823066 nan
1.99525 0.613176 nan
2.01831 0.386947 nan
2.04138 0.295048 0.00381592
2.06445 0.218583 0.00404349
2.08751 0.237103 0.00529943
2.11058 0.293358 nan
2.13364 0.363724 nan
2.15671 0.438021 nan
2.17978 0.493584 nan
2.20284 0.488688 nan
2.22591 0.440867 nan
2.24898 0.390991 nan
2.27204 0.328638 nan
2.29511 0.288326 0.00217985
2.31818 0.297964 0.00205594
