0.868107
0.874167
0.878992
0.884116
0.890173
0.896987
0.904104
0.91112
0.917776
0.923644
0.928096
0.930264
0.929424
0.92533
0.918373
0.909503
0.899692
0.889682
0.879953
0.870971
0.863562
0.859172
0.859375
0.865157
0.876338
0.89151
0.908316
0.92394
0.935573
0.941128
0.939916
0.933111
0.923436
0.914134
0.907042
0.901939
0.897147
0.8906
0.88064
0.866299
0.847832
0.827192
0.808092
0.795003
0.791134
0.796523
0.80802
0.82152
0.834022
0.844184
0.851659
0.856379
0.858214
0.856965
0.852517
0.845069
0.835228
0.824328
0.814275
0.807442
0.806014
0.811335
0.823395
0.840789
0.861059
0.881419
0.899295
0.912825
0.921176
0.924473
0.923661
0.920114
0.915248
0.91004
0.904734
0.899132
0.893049
0.886796
0.881541
0.878906
0.880089
0.884901
0.891297
0.896353
0.897532
0.894097
0.886947
0.878063
0.869679
0.863743
0.861424
0.863008
0.867843
0.874709
0.882271
0.889378
0.895285
0.899693
0.902604
0.904197
0.90476
0.904586
0.903895
0.902653
0.900579
0.897377
0.892883
0.88732
0.881476
0.876506
0.873464
0.872404
0.872132
0.870659
0.866146
0.857853
0.846202
0.832405
0.817785
0.803389
0.790172
0.779334
0.772534
0.771665
0.778203
0.792724
0.814666
0.842341
0.873134
0.903757
0.930775
0.951264
0.963195
0.96625
0.961875
0.952762
0.941534
0.929409
0.915995
0.900668
0.883925
0.867618
0.854518
0.847262
0.847353
0.854609
0.867064
0.881547
0.894402
0.902369
0.903344
0.896919
0.884308
0.868031
0.851252
0.836945
0.827248
0.823267
0.825201
0.832773
0.845549
0.862804
0.883088
0.904092
0.923041
0.937462
0.945888
0.948207
0.945384
0.939003
0.930586
0.921073
0.910842
0.899965
0.888281
0.875511
0.861221
0.845109
0.827403
0.808966
0.791231
0.775829
0.76424
0.757519
0.756207
0.760383
0.769548
0.782603
0.797755
0.812817
0.825625
0.834727
0.839821
0.841835
0.842396
0.843188
0.845381
0.84951
0.855756
0.863992
0.873904
0.884813
0.895623
0.905113
0.912197
0.916258
0.917375
0.916101
0.913086
0.908847
0.90374
0.898085
0.892404
0.887532
0.884498
0.884262
0.88742
0.893898
0.902931
0.913083
0.922548
0.929749
0.933718
0.934134
0.931138
0.925109
0.916499
0.906064
0.894794
0.883841
0.874244
0.866501
0.860299
0.854499
0.848058
0.840964
0.834759
0.831759
0.833688
0.840649
0.851156
0.863075
0.87458
0.884752
0.893561
0.901314
0.908128
0.913544
0.916624
0.916326
0.911912
0.903149
0.890254
0.87383
0.854696
0.833981
0.813101
0.793827
0.778208
0.768074
0.764516
0.767454
0.775641
0.787099
0.799767
0.811992
0.822837
0.832244
0.840985
0.850339
0.861546
0.875284
0.891303
0.908518
0.925089
0.938863
0.947981
0.951502
0.949757
0.944142
0.936582
0.928848
0.922121
0.917007
0.913804
0.912651
0.913324
0.915037
0.916376
0.915504
0.910797
0.901066
0.885986
0.866188
0.843192
0.819323
0.797325
0.779983
0.769632
0.767782
0.774795
0.789763
0.810661
0.834767
0.859089
0.880859
0.897901
0.909096
0.91457
0.91554
0.91382
0.911228
0.909099
0.908182
0.908591
0.909685
0.910226
0.908741
0.903917
0.894962
0.881749
0.864857
0.845591
0.825809
0.807748
0.793614
0.785269
0.783715
0.788885
0.799649
0.814259
0.830856
0.847899
0.864213
0.878794
0.890664
0.898861
0.902724
0.90226
0.898103
0.891515
0.884216
0.878137
0.87487
0.875188
0.878943
0.885135
0.892452
0.899497
0.90524
0.908998
0.910456
0.909588
0.906292
0.900124
0.890444
0.877117
0.86148
0.846626
0.836317
0.832913
0.836357
0.845279
0.858308
0.874235
0.891392
0.907406
0.919538
0.925593
0.924713
0.917674
0.906726
0.894787
0.88463
0.878138
0.875945
0.877668
0.882369
0.888809
0.895809
0.902316
0.90732
0.909752
0.908354
0.901723
0.888633
0.868604
0.842736
0.814254
0.788082
0.769095
0.760113
0.76144
0.771677
0.788884
0.81097
0.835642
0.860429
0.882898
0.901243
0.914561
0.922687
0.925836
0.924323
0.918836
0.910775
0.902122
0.894872
0.890271
0.888212
0.887644
0.887558
0.888195
0.891168
0.897796
0.906971
0.91512
0.918039
0.913019
0.899753
0.880113
0.857476
0.83579
0.818327
0.806806
0.801192
0.800232
0.802403
0.806771
0.813425
0.823211
0.836876
0.85376
0.871704
0.888255
0.901956
0.912383
0.919393
0.922469
0.920797
0.913936
0.902757
0.890053
0.880036
0.876462
0.880598
0.890701
0.903248
0.914668
0.922471
0.925447
0.923398
0.916791
0.906333
0.893068
0.878429
0.864187
0.852431
0.845042
0.843167
0.846921
0.85538
0.866807
0.879126
0.890361
0.898922
0.903732
0.904523
0.901963
0.897432
0.892461
0.887951
0.883715
0.878638
0.87161
0.862165
0.850934
0.839499
0.829884
0.823836
0.822173
0.824547
0.829554
0.835356
0.840256
0.843309
0.844543
0.844712
0.845009
0.846297
0.84857
0.850993
0.852333
0.851672
0.84877
0.844172
0.838837
0.833591
0.828746
0.824299
0.820427
0.817689
0.816904
0.818829
0.824024
0.833032
0.846156
0.863112
0.882677
0.902654
0.920321
0.933278
0.939985
0.940254
0.934995
0.926052
0.915864
0.90712
0.902524
0.904121
0.912574
0.926712
0.943921
0.961028
0.97507
0.983776
0.985739
0.980375
0.968009
0.949928
0.928109
0.90491
0.882845
0.864206
0.85066
0.842813
0.84
0.840366
0.84146
0.840858
0.836936
0.829251
0.818808
0.807864
0.799447
0.796305
0.799772
0.809108
0.821894
0.834999
0.845839
0.85323
0.857645
0.860969
0.865744
0.87412
0.886742
0.902335
0.917967
0.930035
0.935348
0.931948
0.919428
0.89908
0.873565
0.846308
0.820594
0.798942
0.782728
0.77236
0.767711
0.768342
0.773785
0.783464
0.796466
0.81145
0.826711
0.84064
0.852093
0.860768
0.867339
0.873255
0.880418
0.890309
0.902973
0.916876
0.929897
0.940341
0.947423
0.951036
0.951444
0.948956
0.944165
0.937862
0.93099
0.924271
0.918042
0.912231
0.90663
0.901078
0.895329
0.888544
0.879271
0.866008
0.848412
0.828186
0.80903
0.795673
0.792266
0.800644
0.819547
0.845131
0.87256
0.897389
0.916479
0.928291
0.932787
0.930815
0.923712
0.913098
0.900495
0.886989
0.873156
0.859613
0.847585
0.838931
0.835116
0.835782
0.838523
0.840374
0.839638
0.836622
0.83315
0.831348
0.832651
0.837502
0.84574
0.857099
0.871491
0.888595
0.907452
0.926457
0.943957
0.958663
0.97007
0.978191
0.982678
0.982312
0.975503
0.961193
0.939828
0.913384
0.884867
0.857404
0.833541
0.814702
0.801453
0.793779
0.791404
0.793728
0.799793
0.808627
0.819739
0.833279
0.849599
0.868436
0.888385
0.907068
0.921776
0.93047
0.932257
0.927356
0.916791
0.902108
0.885215
0.868229
0.853239
0.842035
0.835787
0.834977
0.839352
0.848192
0.86034
0.874261
0.888068
0.899829
0.90799
0.911838
0.911638
0.908333
0.90287
0.89567
0.886736
0.876047
0.863789
0.850387
0.83669
0.823987
0.813885
0.807985
0.807557
0.813285
0.824915
0.841207
0.860102
0.879182
0.896294
0.909776
0.918655
0.922555
0.921373
0.915328
0.90476
0.890212
0.872583
0.853191
0.833703
0.815926
0.801529
0.7918
0.787462
0.788608
0.794726
0.804707
0.817014
0.830058
0.842416
0.853304
0.862563
0.870541
0.877802
0.884807
0.891681
0.898243
0.904066
0.908608
0.911317
0.911522
0.908728
0.902891
0.89459
0.885119
0.876217
0.869591
0.866325
0.866582
0.869817
0.875183
0.881834
0.888863
0.895196
0.899617
0.901115
0.899532
0.895884
0.892248
0.890777
0.892417
0.89636
0.900823
0.904433
0.90685
0.908363
0.908953
0.907828
0.903834
0.896067
0.884332
0.869156
0.851613
0.83309
0.815191
0.799481
0.787361
0.77989
0.777754
0.781134
0.789655
0.802235
0.817054
0.83189
0.844617
0.853861
0.859298
0.861446
0.861385
0.860274
0.858784
0.856894
0.854004
0.84941
0.842901
0.835189
0.827913
0.822695
0.820338
0.820881
0.824147
0.830435
0.840712
0.85602
0.876742
0.902104
0.930068
0.957667
0.981488
0.998219
1.00533
1.00148
0.986718
0.962604
0.931946
0.89841
0.86599
0.838296
0.818071
0.806654
0.804008
0.808804
0.819049
0.832546
0.847187
0.861217
0.873408
0.883122
0.890265
0.89527
0.898905
0.901888
0.904568
0.906811
0.908069
0.907555
0.904526
0.898326
0.888732
0.876156
0.86158
0.846371
0.832085
0.820018
0.81123
0.806537
0.806525
0.811365
0.820622
0.83316
0.847202
0.860508
0.87069
0.875612
0.873826
0.864751
0.84908
0.828766
0.806586
0.785686
0.769021
0.758877
0.756555
0.762119
0.774411
0.791168
0.809569
0.826811
0.840663
0.849826
0.85396
0.853812
0.851045
0.847711
0.845596
0.845658
0.848057
0.852433
0.858458
0.866007
0.875276
0.886608
0.90046
0.916896
0.935261
0.954043
0.970916
0.983345
0.989379
0.988307
0.980886
0.96909
0.955233
0.941296
0.928249
0.916142
0.904601
0.893277
0.882259
0.872083
0.863485
0.857129
0.853414
0.85231
0.853393
0.856003
0.859494
0.863411
0.867511
0.871532
0.875153
0.877942
0.879515
0.879588
0.877903
0.874184
0.868146
0.859845
0.849755
0.838881
0.828634
0.82054
0.81575
0.814608
0.816574
0.820536
0.825221
0.829736
0.833723
0.83738
0.84102
0.844741
0.848287
0.851223
0.8532
0.854132
0.854166
0.853633
0.852892
0.852115
0.851163
0.849722
0.847662
0.845299
0.843447
0.843178
0.845562
0.851445
0.861146
0.87427
0.889657
0.905623
0.920193
0.931516
0.937964
0.938426
0.932447
0.920354
0.903348
0.883471
0.863401
0.846151
0.834645
0.831197
0.836913
0.851008
0.870667
0.891908
0.910722
0.924049
0.930284
0.929212
0.92155
0.908499
0.891467
0.872046
0.852287
0.834862
0.822899
0.819234
0.825207
0.839702
0.859127
0.878534
0.893042
0.898935
0.894279
0.879173
0.855798
0.828325
0.802249
0.783075
0.774587
0.777686
0.790557
0.810013
0.832663
0.855552
0.876518
0.894225
0.907963
0.917423
0.922548
