1.21138
1.21968
1.22629
1.23329
1.24159
1.25092
1.26067
1.27029
1.27939
1.28743
1.29352
1.29648
1.29533
1.28972
1.28019
1.26804
1.25461
1.24091
1.22758
1.21529
1.20516
1.19914
1.1994
1.20732
1.22263
1.24341
1.26644
1.28783
1.30376
1.31137
1.30971
1.30039
1.28714
1.2744
1.26469
1.25771
1.25115
1.24218
1.22853
1.20889
1.18361
1.15535
1.12919
1.11127
1.10598
1.11336
1.1291
1.14759
1.16471
1.17862
1.18885
1.19532
1.19783
1.19612
1.19002
1.17983
1.16635
1.15141
1.13765
1.1283
1.12635
1.13364
1.15015
1.17398
1.20174
1.22961
1.25409
1.27261
1.28405
1.28855
1.28744
1.28258
1.27593
1.26879
1.26154
1.25386
1.24553
1.23696
1.22977
1.22617
1.22779
1.23438
1.24314
1.25005
1.25168
1.24697
1.23717
1.22501
1.21353
1.20539
1.20221
1.20438
1.21101
1.2204
1.23076
1.24049
1.24858
1.25463
1.25862
1.26079
1.26156
1.26133
1.26039
1.25869
1.25584
1.25146
1.24531
1.23769
1.22969
1.22289
1.21872
1.21727
1.21689
1.21488
1.20869
1.19733
1.18138
1.16248
1.14246
1.12275
1.10465
1.08981
1.0805
1.07932
1.08828
1.10816
1.13822
1.17612
1.21827
1.2602
1.2972
1.32524
1.34158
1.34576
1.33976
1.32728
1.3119
1.2953
1.27693
1.25594
1.23302
1.21069
1.19276
1.18283
1.18295
1.19289
1.20995
1.2298
1.2474
1.2583
1.25962
1.25081
1.23354
1.21126
1.18828
1.1687
1.15544
1.14999
1.15264
1.16302
1.18051
1.20414
1.23191
1.26066
1.2866
1.30634
1.31788
1.32106
1.31719
1.30845
1.29692
1.2839
1.26989
1.25499
1.239
1.22151
1.20195
1.17988
1.15563
1.13039
1.1061
1.08501
1.06915
1.05994
1.05815
1.06386
1.07641
1.09429
1.11504
1.13567
1.1532
1.16566
1.17263
1.17538
1.17615
1.17724
1.18023
1.18589
1.19445
1.20574
1.21932
1.23425
1.24906
1.26206
1.27175
1.27731
1.27884
1.27708
1.27296
1.26715
1.26016
1.25242
1.24465
1.23799
1.23383
1.23351
1.23783
1.2467
1.25908
1.27298
1.28595
1.29581
1.30124
1.3018
1.29771
1.28945
1.27766
1.26337
1.24794
1.23294
1.21979
1.20919
1.20069
1.19274
1.18392
1.17421
1.16572
1.16161
1.16426
1.1738
1.18818
1.2045
1.22025
1.23418
1.24623
1.25685
1.26617
1.27359
1.27782
1.27741
1.27136
1.25936
1.2417
1.21921
1.19301
1.16464
1.13604
1.10965
1.08826
1.07439
1.06952
1.07354
1.08475
1.10045
1.1178
1.13454
1.14939
1.16227
1.17424
1.18704
1.2024
1.2212
1.24315
1.26673
1.28942
1.30828
1.32077
1.32559
1.32319
1.31551
1.30515
1.29456
1.28535
1.27834
1.27396
1.27238
1.2733
1.27564
1.27747
1.27627
1.26982
1.2565
1.23585
1.20874
1.17724
1.14455
1.11443
1.09069
1.07652
1.07398
1.08359
1.10409
1.13271
1.16573
1.19904
1.22885
1.25219
1.26752
1.27502
1.27634
1.27399
1.27044
1.26753
1.26627
1.26683
1.26831
1.26905
1.26702
1.26041
1.24814
1.23005
1.20692
1.18053
1.15344
1.1287
1.10935
1.09793
1.09581
1.10288
1.11763
1.13764
1.16037
1.18371
1.20604
1.22602
1.24228
1.25349
1.25878
1.25814
1.25245
1.24342
1.23342
1.2251
1.22063
1.22107
1.22621
1.23469
1.24471
1.25436
1.26222
1.26737
1.26937
1.26818
1.26366
1.25522
1.24197
1.22372
1.2023
1.18196
1.16784
1.16317
1.1679
1.18012
1.19797
1.21979
1.24329
1.26521
1.28182
1.29011
1.2889
1.27926
1.26426
1.24791
1.23401
1.22512
1.22212
1.22448
1.23091
1.23973
1.24931
1.25822
1.26508
1.26841
1.26649
1.2574
1.23947
1.21204
1.17661
1.13761
1.10177
1.07578
1.06349
1.06532
1.07935
1.10291
1.13316
1.16695
1.2009
1.23167
1.25679
1.27502
1.28614
1.29045
1.28837
1.28084
1.2698
1.25796
1.24803
1.24172
1.23891
1.23812
1.238
1.23888
1.24297
1.25204
1.26461
1.27577
1.27976
1.27288
1.25471
1.22781
1.19682
1.16713
1.14322
1.12745
1.11976
1.11845
1.12142
1.12739
1.1365
1.14991
1.16863
1.19175
1.21632
1.23898
1.25773
1.272
1.2816
1.2858
1.28351
1.27412
1.25882
1.24142
1.22771
1.22283
1.2285
1.24234
1.25952
1.27515
1.28583
1.28989
1.28709
1.27804
1.26371
1.24555
1.2255
1.20599
1.18991
1.17979
1.17723
1.18237
1.19395
1.2096
1.22647
1.24184
1.25356
1.26015
1.26123
1.25773
1.25153
1.24472
1.23854
1.23273
1.22578
1.21615
1.20322
1.18785
1.17218
1.15902
1.15074
1.14847
1.15173
1.15859
1.16654
1.17325
1.17742
1.17911
1.17934
1.17976
1.18152
1.18463
1.18794
1.18978
1.18887
1.18489
1.17859
1.17129
1.16411
1.15747
1.15138
1.14606
1.14231
1.14124
1.14389
1.15101
1.16335
1.18133
1.20457
1.23136
1.25871
1.2829
1.30063
1.30981
1.31018
1.30298
1.29073
1.27678
1.2648
1.25851
1.2607
1.27228
1.29165
1.31522
1.33864
1.35787
1.36979
1.37246
1.36511
1.34817
1.32342
1.29354
1.26176
1.23155
1.20602
1.18749
1.17674
1.17289
1.17339
1.17488
1.17405
1.16869
1.15817
1.14387
1.12888
1.11735
1.11304
1.11779
1.13059
1.1481
1.16604
1.18088
1.191
1.19704
1.20159
1.20814
1.2196
1.2369
1.25825
1.27965
1.29617
1.30345
1.29878
1.28164
1.25378
1.21884
1.18152
1.14631
1.11667
1.09446
1.08026
1.07389
1.07476
1.08221
1.09546
1.11326
1.13378
1.15468
1.17376
1.18944
1.20133
1.21031
1.21843
1.22824
1.24178
1.25912
1.27816
1.29598
1.31029
1.31998
1.32493
1.32549
1.3221
1.31553
1.3069
1.29749
1.28829
1.27975
1.2718
1.26412
1.25652
1.24864
1.23935
1.22665
1.20847
1.18439
1.1567
1.13047
1.11218
1.10753
1.119
1.14489
1.17994
1.2175
1.25149
1.27763
1.2938
1.29995
1.29725
1.28753
1.27299
1.25573
1.23723
1.21829
1.19975
1.18329
1.17144
1.16621
1.16712
1.17087
1.1734
1.17238
1.16826
1.1635
1.16103
1.16282
1.16948
1.18075
1.1963
1.21601
1.23943
1.26525
1.29129
1.31525
1.33538
1.35101
1.36213
1.36827
1.36775
1.35842
1.33882
1.30957
1.27336
1.23432
1.19672
1.16404
1.13825
1.1201
1.1096
1.10634
1.10953
1.11785
1.12995
1.14516
1.1637
1.18605
1.21184
1.23916
1.26475
1.28488
1.29678
1.29923
1.29251
1.27804
1.25793
1.2348
1.21153
1.191
1.17567
1.16712
1.166
1.172
1.18411
1.20075
1.21982
1.23872
1.25482
1.26599
1.27125
1.27097
1.26644
1.25896
1.2491
1.23687
1.22223
1.20544
1.18709
1.16833
1.15094
1.13711
1.12904
1.12846
1.1363
1.15224
1.17455
1.20042
1.22654
1.24998
1.26845
1.2806
1.28594
1.28432
1.27604
1.26157
1.24164
1.2175
1.19094
1.16426
1.13992
1.1202
1.10688
1.10094
1.10251
1.11089
1.12456
1.14141
1.15926
1.17619
1.19111
1.20379
1.21471
1.22465
1.23425
1.24366
1.25264
1.26061
1.26684
1.27055
1.27083
1.26701
1.25901
1.24764
1.23467
1.22248
1.21341
1.20894
1.20929
1.21372
1.22107
1.23017
1.2398
1.24847
1.25451
1.25657
1.2544
1.2494
1.24443
1.24241
1.24466
1.25007
1.25618
1.26111
1.26442
1.26649
1.2673
1.26576
1.26029
1.24965
1.23358
1.2128
1.18878
1.16342
1.13891
1.11739
1.10079
1.09056
1.08764
1.09228
1.10394
1.12116
1.14146
1.16176
1.1792
1.19187
1.19932
1.20225
1.20217
1.20065
1.19861
1.19602
1.19206
1.18576
1.17685
1.1663
1.15634
1.14919
1.14598
1.14673
1.1512
1.15981
1.17389
1.19485
1.22322
1.25795
1.29624
1.33404
1.36665
1.38956
1.39929
1.39401
1.37379
1.34075
1.29877
1.25284
1.20844
1.17052
1.14283
1.12722
1.1236
1.13017
1.14421
1.16269
1.18274
1.20196
1.21865
1.23195
1.24174
1.24859
1.25356
1.25764
1.26131
1.26438
1.26611
1.26541
1.26126
1.25276
1.23963
1.22241
1.20245
1.18161
1.16205
1.14553
1.13349
1.12707
1.12705
1.13368
1.14636
1.16354
1.18276
1.20098
1.21492
1.22166
1.21921
1.20678
1.18532
1.15751
1.12713
1.09852
1.07571
1.06182
1.05864
1.06627
1.08311
1.10605
1.13124
1.15484
1.17382
1.18636
1.19201
1.1918
1.18801
1.18344
1.18054
1.18063
1.18392
1.18992
1.19818
1.20851
1.2212
1.23673
1.2557
1.27821
1.30336
1.32907
1.35217
1.36919
1.37745
1.37598
1.36581
1.34965
1.33068
1.31159
1.29373
1.27715
1.26135
1.24584
1.23075
1.21682
1.20504
1.19635
1.19126
1.18976
1.19125
1.19482
1.19959
1.20495
1.21056
1.21607
1.22102
1.22483
1.22698
1.22708
1.22477
1.21967
1.21141
1.20003
1.18623
1.17133
1.15731
1.14622
1.13967
1.13811
1.14081
1.14623
1.15265
1.15883
1.16429
1.16929
1.17428
1.17937
1.18423
1.18825
1.19096
1.19223
1.19228
1.19155
1.19054
1.18948
1.18817
1.1862
1.18338
1.18014
1.17761
1.17724
1.18051
1.18856
1.20185
1.21982
1.24088
1.26274
1.28269
1.29819
1.30702
1.30765
1.29947
1.28291
1.25962
1.23241
1.20492
1.18129
1.16554
1.16083
1.16867
1.18798
1.2149
1.24399
1.26975
1.288
1.29654
1.29506
1.28457
1.26669
1.24336
1.21676
1.1897
1.16585
1.14947
1.14445
1.15264
1.17248
1.19909
1.22566
1.24552
1.25358
1.2472
1.2265
1.19448
1.15687
1.12116
1.09491
1.08329
1.08754
1.10517
1.13182
1.16283
1.19419
1.2229
1.24715
1.26597
1.27893
1.28594
