-6.64456
-6.6529
-6.65914
-6.66432
-6.67372
-6.68279
-6.69222
-6.70472
-6.71245
-6.72034
-6.7252
-6.72617
-6.72425
-6.71853
-6.709
-6.69472
-6.68155
-6.66948
-6.65525
-6.6457
-6.63815
-6.63007
-6.62783
-6.63588
-6.65055
-6.67334
-6.69897
-6.71901
-6.73551
-6.74447
-6.7416
-6.73266
-6.71927
-6.70547
-6.69641
-6.6909
-6.68617
-6.67455
-6.6584
-6.63847
-6.61467
-6.587
-6.5601
-6.54135
-6.53806
-6.54555
-6.56247
-6.58162
-6.59846
-6.61202
-6.62058
-6.62698
-6.63039
-6.62791
-6.62107
-6.61049
-6.59742
-6.57922
-6.56737
-6.55896
-6.55852
-6.56645
-6.58251
-6.60852
-6.63614
-6.6622
-6.6878
-6.70532
-6.71603
-6.71795
-6.71638
-6.7119
-6.70743
-6.70028
-6.69527
-6.68656
-6.67687
-6.66803
-6.66207
-6.65926
-6.6624
-6.66743
-6.67684
-6.68173
-6.68499
-6.67903
-6.66887
-6.65663
-6.64473
-6.63477
-6.63149
-6.63384
-6.64115
-6.64943
-6.65946
-6.66971
-6.6789
-6.68765
-6.69177
-6.69216
-6.69249
-6.6938
-6.69506
-6.69262
-6.68866
-6.68476
-6.67908
-6.67104
-6.66308
-6.65681
-6.65262
-6.65105
-6.65
-6.64799
-6.64065
-6.62879
-6.61212
-6.59239
-6.57234
-6.55306
-6.53487
-6.51917
-6.51154
-6.51259
-6.52231
-6.54262
-6.57488
-6.61404
-6.6525
-6.69512
-6.73269
-6.75707
-6.77346
-6.77682
-6.76902
-6.75448
-6.73959
-6.72222
-6.70328
-6.68204
-6.66033
-6.6389
-6.62162
-6.61458
-6.61379
-6.62461
-6.64183
-6.6659
-6.68301
-6.69306
-6.68978
-6.67905
-6.66142
-6.64048
-6.61735
-6.60024
-6.58932
-6.58469
-6.58878
-6.60055
-6.61871
-6.64222
-6.66766
-6.69566
-6.71917
-6.73783
-6.74851
-6.75284
-6.74838
-6.7383
-6.72594
-6.71377
-6.70163
-6.68468
-6.67051
-6.65316
-6.63368
-6.61104
-6.58598
-6.56041
-6.53569
-6.51602
-6.50011
-6.49098
-6.48994
-6.49476
-6.50663
-6.52492
-6.54775
-6.56722
-6.58432
-6.59622
-6.60171
-6.60318
-6.60259
-6.60478
-6.6064
-6.61332
-6.62249
-6.63597
-6.65168
-6.66635
-6.6817
-6.69605
-6.70341
-6.70985
-6.71101
-6.70638
-6.70336
-6.69644
-6.69
-6.68221
-6.67644
-6.67223
-6.66841
-6.66755
-6.6717
-6.68131
-6.69491
-6.70883
-6.7232
-6.73331
-6.73793
-6.73737
-6.73412
-6.7258
-6.71436
-6.69956
-6.68377
-6.66955
-6.6547
-6.6437
-6.63307
-6.62444
-6.61582
-6.60708
-6.59888
-6.59537
-6.60004
-6.61018
-6.62392
-6.64028
-6.65523
-6.66864
-6.67826
-6.68874
-6.69727
-6.70541
-6.71053
-6.71024
-6.70393
-6.69231
-6.67348
-6.65056
-6.62504
-6.59557
-6.56481
-6.53846
-6.51675
-6.50504
-6.50012
-6.50366
-6.51481
-6.53209
-6.54979
-6.56768
-6.58167
-6.59504
-6.60636
-6.6187
-6.63567
-6.65321
-6.67833
-6.70324
-6.72568
-6.74498
-6.75705
-6.76142
-6.75774
-6.75129
-6.73951
-6.72802
-6.71901
-6.71095
-6.70815
-6.70749
-6.70634
-6.70874
-6.70973
-6.70713
-6.6994
-6.68599
-6.66495
-6.63794
-6.60454
-6.57129
-6.54163
-6.51937
-6.50434
-6.50173
-6.51252
-6.53495
-6.56419
-6.59969
-6.63411
-6.66469
-6.68824
-6.70372
-6.71115
-6.71134
-6.71006
-6.70683
-6.70404
-6.70331
-6.70239
-6.70129
-6.70023
-6.69846
-6.6923
-6.67782
-6.65981
-6.63626
-6.60838
-6.58138
-6.55576
-6.5371
-6.52559
-6.52506
-6.5317
-6.54904
-6.56878
-6.59263
-6.61658
-6.63712
-6.65905
-6.67778
-6.68681
-6.69181
-6.69029
-6.6845
-6.67266
-6.66272
-6.65502
-6.65166
-6.65163
-6.65621
-6.66688
-6.67694
-6.68679
-6.69441
-6.69828
-6.70191
-6.70072
-6.69521
-6.68794
-6.67449
-6.65677
-6.63362
-6.61237
-6.59879
-6.59285
-6.60036
-6.61323
-6.63317
-6.65592
-6.68105
-6.70326
-6.71785
-6.7265
-6.72469
-6.71403
-6.69643
-6.67952
-6.667
-6.65837
-6.65562
-6.66008
-6.66359
-6.6732
-6.68246
-6.6909
-6.69845
-6.70264
-6.69879
-6.68759
-6.66871
-6.64069
-6.60238
-6.56337
-6.52792
-6.50415
-6.4933
-6.49776
-6.51416
-6.5395
-6.5709
-6.60648
-6.64188
-6.67379
-6.69728
-6.71448
-6.72556
-6.7292
-6.72328
-6.71368
-6.70211
-6.69131
-6.68039
-6.67285
-6.67097
-6.66835
-6.66698
-6.67098
-6.67746
-6.6867
-6.70036
-6.71235
-6.71505
-6.70636
-6.68748
-6.65929
-6.62882
-6.60149
-6.578
-6.56307
-6.55515
-6.5537
-6.55701
-6.56068
-6.56886
-6.58341
-6.60525
-6.62868
-6.65254
-6.67488
-6.69059
-6.70344
-6.71222
-6.71485
-6.71218
-6.70373
-6.68962
-6.67263
-6.65961
-6.65674
-6.66502
-6.6804
-6.69764
-6.71128
-6.72135
-6.7218
-6.71963
-6.7087
-6.6936
-6.67709
-6.65406
-6.63444
-6.62046
-6.61137
-6.6096
-6.61547
-6.62498
-6.64283
-6.65902
-6.67153
-6.68311
-6.68979
-6.69067
-6.68712
-6.68207
-6.67594
-6.66757
-6.66011
-6.65262
-6.64234
-6.63105
-6.6165
-6.59804
-6.58624
-6.57952
-6.57849
-6.58319
-6.59222
-6.60046
-6.60695
-6.60989
-6.61007
-6.6122
-6.61368
-6.61592
-6.61717
-6.62009
-6.62202
-6.61918
-6.61492
-6.60813
-6.60177
-6.59431
-6.58709
-6.58008
-6.57261
-6.56745
-6.56866
-6.57269
-6.58257
-6.59644
-6.61562
-6.64353
-6.67183
-6.69774
-6.72174
-6.73675
-6.74502
-6.74455
-6.73704
-6.72381
-6.70988
-6.69734
-6.69082
-6.69363
-6.70805
-6.72932
-6.75469
-6.77722
-6.79746
-6.80755
-6.80665
-6.79797
-6.77982
-6.75507
-6.72517
-6.69145
-6.6606
-6.63569
-6.61954
-6.60923
-6.60563
-6.60639
-6.60585
-6.604
-6.60005
-6.58938
-6.57485
-6.55936
-6.54808
-6.5414
-6.54737
-6.56211
-6.58051
-6.59893
-6.61237
-6.62266
-6.62711
-6.63137
-6.63894
-6.6497
-6.66914
-6.69071
-6.71055
-6.72795
-6.73509
-6.72787
-6.71148
-6.68336
-6.64829
-6.61066
-6.57718
-6.54887
-6.52486
-6.51016
-6.50293
-6.50481
-6.51191
-6.52406
-6.54158
-6.56127
-6.58306
-6.60412
-6.6204
-6.63289
-6.63942
-6.65018
-6.66061
-6.67425
-6.69123
-6.70996
-6.72557
-6.74204
-6.7506
-6.75672
-6.75816
-6.757
-6.74985
-6.74043
-6.73165
-6.72153
-6.71112
-6.70353
-6.69555
-6.68632
-6.67772
-6.66949
-6.6547
-6.633
-6.61099
-6.58512
-6.55906
-6.54224
-6.54045
-6.55189
-6.57963
-6.61685
-6.65561
-6.68833
-6.71385
-6.72965
-6.7342
-6.73167
-6.72233
-6.70549
-6.68805
-6.66916
-6.65054
-6.63341
-6.61793
-6.60668
-6.60117
-6.60093
-6.60473
-6.6047
-6.60234
-6.59931
-6.59401
-6.58962
-6.59319
-6.60292
-6.61334
-6.62834
-6.64715
-6.67122
-6.69749
-6.72666
-6.75063
-6.76902
-6.78614
-6.79648
-6.80205
-6.79848
-6.78687
-6.76656
-6.7371
-6.70268
-6.66456
-6.62797
-6.59429
-6.57022
-6.55123
-6.54245
-6.53826
-6.54137
-6.55337
-6.56611
-6.58099
-6.59957
-6.62133
-6.64674
-6.67438
-6.70153
-6.7203
-6.73193
-6.7344
-6.7252
-6.70908
-6.68855
-6.66527
-6.64021
-6.61978
-6.60506
-6.59919
-6.59622
-6.60353
-6.61649
-6.63576
-6.65525
-6.67334
-6.68741
-6.69899
-6.70138
-6.69867
-6.6951
-6.68606
-6.67597
-6.66479
-6.64927
-6.63262
-6.61384
-6.59383
-6.57669
-6.56529
-6.55789
-6.55975
-6.56747
-6.58511
-6.6076
-6.63332
-6.65898
-6.68428
-6.7028
-6.71494
-6.71958
-6.71792
-6.70737
-6.69394
-6.67255
-6.64743
-6.62108
-6.59484
-6.57021
-6.55042
-6.53716
-6.53101
-6.53298
-6.54262
-6.55671
-6.57247
-6.58836
-6.60739
-6.62369
-6.63584
-6.64598
-6.65619
-6.66642
-6.67613
-6.68342
-6.69125
-6.69856
-6.70294
-6.70381
-6.70086
-6.69084
-6.67955
-6.66654
-6.65424
-6.64688
-6.64193
-6.64241
-6.64589
-6.65281
-6.66073
-6.67098
-6.67914
-6.6842
-6.68743
-6.68521
-6.67877
-6.6743
-6.67269
-6.67567
-6.68223
-6.68894
-6.69176
-6.69493
-6.69722
-6.69785
-6.69697
-6.69005
-6.67951
-6.66325
-6.64239
-6.61749
-6.59373
-6.5678
-6.54638
-6.52841
-6.51758
-6.51542
-6.52242
-6.53472
-6.55011
-6.57055
-6.58875
-6.60836
-6.62309
-6.63166
-6.63292
-6.63458
-6.63265
-6.62992
-6.62627
-6.62211
-6.61555
-6.60608
-6.59872
-6.5883
-6.58087
-6.58065
-6.58275
-6.5876
-6.59702
-6.61205
-6.63213
-6.66057
-6.69516
-6.7323
-6.77142
-6.8039
-6.8253
-6.83359
-6.82645
-6.80482
-6.76777
-6.72483
-6.67621
-6.63193
-6.59456
-6.56804
-6.55787
-6.55505
-6.56282
-6.57874
-6.59783
-6.61594
-6.63724
-6.65362
-6.66786
-6.67828
-6.68457
-6.6878
-6.69183
-6.69416
-6.69843
-6.70062
-6.70124
-6.69571
-6.68611
-6.6735
-6.65723
-6.63611
-6.61402
-6.59339
-6.57758
-6.56574
-6.55927
-6.55895
-6.56623
-6.58075
-6.59987
-6.61752
-6.63513
-6.6475
-6.65502
-6.65255
-6.63947
-6.61755
-6.58929
-6.55857
-6.53134
-6.51059
-6.49707
-6.49305
-6.50332
-6.52255
-6.54428
-6.56721
-6.58917
-6.61048
-6.62168
-6.62539
-6.62438
-6.61973
-6.61394
-6.61065
-6.61009
-6.61498
-6.62316
-6.63292
-6.64218
-6.65415
-6.67259
-6.69257
-6.71638
-6.74203
-6.76667
-6.78867
-6.80361
-6.81188
-6.80946
-6.79953
-6.78132
-6.76353
-6.74161
-6.72486
-6.70936
-6.69296
-6.67715
-6.66149
-6.6474
-6.6359
-6.62852
-6.6251
-6.62588
-6.62762
-6.63135
-6.63458
-6.63771
-6.64203
-6.64815
-6.65172
-6.65344
-6.65444
-6.65431
-6.65272
-6.64569
-6.63775
-6.62512
-6.6134
-6.59655
-6.58467
-6.57366
-6.56793
-6.56815
-6.57217
-6.57711
-6.58388
-6.58934
-6.59506
-6.5994
-6.60375
-6.60916
-6.61364
-6.61917
-6.62108
-6.62222
-6.62217
-6.62236
-6.62134
-6.62156
-6.62021
-6.61848
-6.61428
-6.60976
-6.60997
-6.61022
-6.61393
-6.6212
-6.635
-6.65239
-6.67236
-6.69318
-6.71344
-6.72707
-6.73578
-6.73652
-6.7281
-6.71174
-6.68889
-6.66277
-6.63385
-6.6089
-6.59347
-6.59226
-6.60231
-6.62324
-6.65194
-6.68061
-6.70708
-6.72377
-6.73356
-6.73048
-6.71851
-6.7
-6.67527
-6.64686
-6.61896
-6.59631
-6.57961
-6.57621
-6.58536
-6.60454
-6.63276
-6.65829
-6.6762
-6.68419
-6.676
-6.65172
-6.61755
-6.58008
-6.5437
-6.51874
-6.50937
-6.51448
-6.53419
-6.56278
-6.5927
-6.62682
-6.65645
-6.68213
-6.70167
-6.71532
-6.72207
