100 0.999536 0.0130166
200 0.986215 0.00926884
300 0.992647 0.00762827
400 0.990822 0.00661951
500 0.989725 0.00587633
600 0.989656 0.00532189
700 0.991649 0.00495527
800 0.992898 0.00465779
900 0.993611 0.00439459
1000 0.994663 0.00415638
1100 0.994845 0.00395134
1200 0.996309 0.00377263
1300 0.996518 0.0036128
1400 0.996358 0.00348759
1500 0.996063 0.0033634
1600 0.996753 0.00324888
1700 0.99654 0.00314794
1800 0.99778 0.0030658
1900 0.998221 0.00298935
2000 0.99782 0.00292432
2100 0.998558 0.0028531
2200 0.998379 0.002784
2300 0.998293 0.00272242
2400 0.99842 0.00266624
2500 0.998483 0.00261896
2600 0.997943 0.00256545
2700 0.997504 0.00252005
2800 0.997367 0.00246832
2900 0.998171 0.00242971
3000 0.999297 0.00239042
3100 0.999162 0.00235591
3200 0.999101 0.00231709
3300 0.999584 0.0022833
3400 0.999259 0.00224181
3500 0.999346 0.00220783
3600 0.999269 0.00217125
3700 0.999339 0.0021439
3800 0.999734 0.00211535
3900 0.999274 0.0020888
4000 0.999216 0.00206187
4100 0.998794 0.00203751
4200 0.998973 0.00201182
4300 0.999052 0.00199042
4400 0.998246 0.00196982
4500 0.998824 0.00194895
4600 0.998556 0.00192728
4700 0.998847 0.00190643
4800 0.999067 0.00188728
4900 0.999046 0.00186895
5000 0.999116 0.00185045
5100 0.999269 0.00183339
5200 0.99946 0.00181552
5300 0.999897 0.00179581
5400 1.00052 0.00177854
5500 1.00079 0.00176159
5600 1.00095 0.00174572
5700 1.0014 0.00173284
5800 1.00156 0.00171812
5900 1.0017 0.00170244
6000 1.00168 0.00168692
6100 1.00164 0.00167292
6200 1.00171 0.00166009
6300 1.00174 0.00164682
6400 1.00183 0.00163415
6500 1.00176 0.00162086
6600 1.00156 0.00160847
6700 1.00157 0.00159472
6800 1.00154 0.00158259
6900 1.00153 0.0015693
7000 1.00142 0.00155829
7100 1.00147 0.00154747
7200 1.00151 0.001535
7300 1.00178 0.00152593
7400 1.00164 0.00151528
7500 1.00168 0.00150489
7600 1.00153 0.00149263
7700 1.00148 0.00148401
7800 1.00154 0.00147508
7900 1.00154 0.00146564
8000 1.00143 0.00145659
8100 1.00128 0.00144828
8200 1.0011 0.00143952
8300 1.00144 0.00143128
8400 1.00145 0.0014224
8500 1.00145 0.00141455
8600 1.0014 0.00140649
8700 1.00119 0.00139939
8800 1.00147 0.00139185
8900 1.00164 0.00138364
9000 1.00175 0.00137503
9100 1.00152 0.00136651
9200 1.00139 0.00135882
9300 1.00118 0.00135172
9400 1.0012 0.00134346
9500 1.00125 0.00133638
9600 1.00148 0.00132948
9700 1.00145 0.00132215
9800 1.0015 0.00131448
9900 1.00161 0.00130825
10000 1.00152 0.00130157
