100 1.06226 0.0475856
200 0.980392 0.0357355
300 1.0326 0.0277604
400 0.998894 0.0248012
500 1.00267 0.0219975
600 1.00866 0.0197763
700 1.00589 0.0181605
800 1.00585 0.0170145
900 0.995994 0.0160487
1000 0.988977 0.0152825
1100 0.990506 0.0146545
1200 0.986138 0.0140643
1300 0.985987 0.0135158
1400 0.986175 0.013002
1500 0.989088 0.0125435
1600 0.983378 0.0122193
1700 0.983918 0.0118041
1800 0.985737 0.0114829
1900 0.985782 0.0111674
2000 0.988592 0.0108989
2100 0.990628 0.0106352
2200 0.992136 0.0103692
2300 0.993606 0.0101338
2400 0.992936 0.00992347
2500 0.99106 0.00974064
2600 0.990955 0.00952617
2700 0.989079 0.00936314
2800 0.988656 0.00917705
2900 0.98799 0.00901312
3000 0.987856 0.00886826
3100 0.989081 0.00872907
3200 0.990118 0.00859862
3300 0.98775 0.00847387
3400 0.98994 0.00834524
3500 0.991172 0.00820893
3600 0.991558 0.00809067
3700 0.990083 0.00798634
3800 0.990577 0.00788381
3900 0.990878 0.00777482
4000 0.992105 0.00767443
4100 0.992278 0.00756845
4200 0.992282 0.00747503
4300 0.992522 0.00737869
4400 0.993491 0.00729555
4500 0.993865 0.00721154
4600 0.994179 0.00713375
4700 0.994736 0.00705839
4800 0.994885 0.00698637
4900 0.994263 0.00692135
5000 0.994708 0.00685161
5100 0.994475 0.00678503
5200 0.995301 0.00672014
5300 0.994671 0.00666031
5400 0.995537 0.00660354
5500 0.996206 0.00654032
5600 0.996387 0.00648317
5700 0.995295 0.00643403
5800 0.996398 0.00636748
5900 0.997141 0.00631057
6000 0.996606 0.00626426
6100 0.998228 0.00620926
6200 0.996842 0.00616543
6300 0.996764 0.00611617
6400 0.996815 0.00605931
6500 0.996217 0.00601491
6600 0.996227 0.00596848
6700 0.994381 0.00593708
6800 0.994588 0.00589532
6900 0.993951 0.00585345
7000 0.992195 0.00581162
7100 0.99197 0.0057681
7200 0.991883 0.00572792
7300 0.991575 0.00568766
7400 0.9931 0.00564671
7500 0.99325 0.0056066
7600 0.992574 0.00557062
7700 0.993754 0.00552774
7800 0.993042 0.00549142
7900 0.992269 0.00545852
8000 0.992013 0.00542711
8100 0.990844 0.00539603
8200 0.990379 0.00536182
8300 0.990755 0.00532765
8400 0.990917 0.00529559
8500 0.992088 0.00526011
8600 0.99209 0.00523095
8700 0.99242 0.00519687
8800 0.993416 0.00516096
8900 0.994062 0.00512521
9000 0.993776 0.00509719
9100 0.995212 0.00506584
9200 0.995992 0.00503631
9300 0.996467 0.00500796
9400 0.996517 0.00498394
9500 0.997253 0.00495539
9600 0.997581 0.00492444
9700 0.997496 0.00489629
9800 0.997946 0.00486946
9900 0.998376 0.00484352
10000 0.997939 0.00482603
